  Frame #         RMSD         rGyr      intraHB        MolSA         SASA          PSA
        0        0.000        5.473            0      475.142       12.856       71.555
        1        1.443        5.484            0      478.892       29.459       67.676
        2        1.421        5.438            0      480.061       16.149       62.714
        3        1.353        5.593            0      477.704       28.541       65.338
        4        1.430        5.622            0      482.488       23.709       65.493
        5        1.376        5.552            0      484.270       27.926       62.214
        6        1.300        5.637            0      484.252       15.798       65.709
        7        1.395        5.604            0      478.668       21.559       67.277
        8        1.391        5.621            0      477.943       37.021       67.895
        9        1.183        5.470            0      484.109       34.754       70.373
       10        1.503        5.758            0      478.269       33.032       71.812
       11        1.291        5.565            0      488.168       15.595       68.421
       12        1.196        5.595            0      480.999       50.029       69.596
       13        1.556        5.482            0      479.034       31.243       65.266
       14        1.638        5.395            0      476.311       25.976       67.373
       15        1.618        5.500            0      477.467       29.448       71.961
       16        1.655        5.509            0      477.660       26.784       72.024
       17        1.715        5.665            0      480.612       32.307       67.085
       18        1.664        5.678            0      477.955       42.916       66.320
       19        1.581        5.483            0      478.833       48.553       69.752
       20        1.583        5.605            0      488.778       39.566       66.833
       21        1.610        5.564            0      482.067       47.683       73.886
       22        1.642        5.574            0      478.505       36.882       65.194
       23        1.790        5.358            0      475.883       47.838       70.085
       24        1.663        5.738            0      481.683       47.781       67.804
       25        1.477        5.710            0      482.767       60.508       69.439
       26        1.696        5.653            0      483.104       45.628       67.177
       27        1.703        5.454            0      481.264       45.066       65.658
       28        1.762        5.618            0      482.500       45.671       66.453
       29        1.641        5.531            0      485.156       26.424       66.554
       30        1.766        5.561            0      483.694       34.341       64.782
       31        1.653        5.590            0      487.247       34.129       64.614
       32        1.687        5.569            0      483.882       26.601       70.098
       33        1.604        5.737            0      488.577       46.468       68.291
       34        1.650        5.708            0      481.417       36.749       67.393
       35        1.602        5.708            0      483.252       55.471       66.301
       36        1.588        5.655            0      486.474       35.954       66.504
       37        1.634        5.644            0      489.247       32.511       63.578
       38        1.495        5.640            0      486.041       43.977       61.198
       39        1.560        5.465            0      478.482       41.519       69.687
       40        1.657        5.547            0      488.018       30.712       67.940
       41        1.508        5.548            0      486.562       32.740       65.521
       42        1.617        5.546            0      483.067       25.937       68.974
       43        1.549        5.452            0      485.182       25.562       66.835
       44        1.507        5.415            0      482.026       40.468       68.727
       45        1.477        5.429            0      482.557       22.483       67.773
       46        1.435        5.489            0      484.959       28.566       68.466
       47        1.613        5.572            0      487.191       20.301       65.897
       48        1.588        5.533            0      485.101       23.232       64.398
       49        1.458        5.496            0      477.928       35.180       66.860
       50        1.602        5.450            0      479.417       27.115       68.608
       51        1.456        5.422            0      482.028       40.281       65.362
       52        1.463        5.448            0      482.051       26.896       65.791
       53        1.488        5.500            0      482.677       38.290       65.718
       54        1.454        5.409            0      481.594       32.671       66.610
       55        1.584        5.441            0      476.947       34.796       63.347
       56        1.409        5.512            0      479.281       31.948       72.439
       57        1.533        5.520            0      482.458       36.166       68.516
       58        1.576        5.344            0      482.517       22.993       69.633
       59        1.635        5.446            0      482.097       24.509       65.946
       60        1.553        5.366            0      480.723       23.629       65.119
       61        1.489        5.511            0      478.651       38.297       69.656
       62        1.454        5.397            0      484.903       26.059       70.139
       63        1.524        5.379            0      479.399       24.261       63.544
       64        1.685        5.557            0      487.598       18.605       66.559
       65        1.596        5.482            0      488.871       23.245       67.884
       66        1.737        5.285            0      482.347       14.379       70.605
       67        1.624        5.345            0      479.502       10.976       64.123
       68        1.735        5.362            0      480.560       12.095       66.551
       69        1.671        5.460            0      484.902       18.183       67.184
       70        1.623        5.407            0      488.233       19.327       64.283
       71        1.816        5.254            0      470.731       20.216       64.065
       72        1.705        5.248            0      472.902       25.324       69.110
       73        1.734        5.347            0      482.527       27.556       70.060
       74        1.679        5.430            0      487.493       26.370       66.103
       75        1.727        5.551            0      484.413       21.259       65.110
       76        1.728        5.395            0      479.645       17.288       69.233
       77        1.628        5.366            0      485.396       31.160       69.552
       78        1.588        5.494            0      486.318       25.736       67.147
       79        1.690        5.333            0      479.739       48.140       65.697
       80        1.585        5.341            0      481.055       26.473       69.415
       81        1.819        5.410            0      485.804       31.164       68.698
       82        1.637        5.328            0      482.057       48.302       64.928
       83        1.748        5.294            0      476.168       37.128       72.439
       84        1.735        5.334            0      478.939       37.900       66.418
       85        1.688        5.291            0      479.255       60.930       68.225
       86        1.675        5.370            0      484.345       38.499       68.447
       87        1.593        5.440            0      490.869       35.049       68.390
       88        1.588        5.301            0      483.683       47.494       68.639
       89        1.553        5.477            0      483.696       31.161       66.891
       90        1.709        5.335            0      482.274       30.734       65.583
       91        1.682        5.389            0      479.672       45.096       67.541
       92        1.567        5.475            0      490.224       38.632       62.543
       93        1.604        5.480            0      490.018       43.294       64.602
       94        1.629        5.468            0      483.510       42.942       67.687
       95        1.637        5.368            0      485.450       38.889       72.384
       96        1.682        5.419            0      485.680       51.354       72.294
       97        1.596        5.526            0      480.926       53.750       69.285
       98        1.694        5.242            0      480.840       44.435       70.500
       99        1.588        5.344            0      484.372       19.078       69.012
      100        1.482        5.510            0      485.395       38.963       77.235
      101        1.621        5.495            0      484.953       44.008       65.772
      102        1.683        5.396            0      485.275       40.306       68.516
      103        1.643        5.396            0      486.110       39.592       68.414
      104        1.548        5.520            0      482.858       33.429       62.915
      105        1.685        5.314            0      473.933       42.031       64.995
      106        1.632        5.456            0      484.487       45.124       69.911
      107        1.620        5.434            0      481.220       26.806       65.111
      108        1.507        5.301            0      477.970       39.012       70.591
      109        1.707        5.367            0      484.923       45.937       66.202
      110        1.686        5.351            0      481.823       63.256       72.682
      111        1.607        5.416            0      478.847       32.982       69.447
      112        1.687        5.308            0      473.649       38.324       64.424
      113        1.521        5.497            0      484.505       41.802       67.938
      114        1.536        5.428            0      481.549       41.368       68.545
      115        1.780        5.420            0      482.327       44.174       67.807
      116        1.614        5.394            0      483.072       35.975       66.076
      117        1.555        5.452            0      478.758       64.396       68.569
      118        1.692        5.370            0      484.081       72.649       72.491
      119        1.448        5.434            0      485.808       59.738       67.806
      120        1.596        5.381            0      481.187       56.878       66.740
      121        1.585        5.449            0      481.484       45.247       64.508
      122        1.613        5.390            0      476.969       61.682       71.163
      123        1.657        5.366            0      488.122       43.961       63.716
      124        1.589        5.373            0      480.735       52.246       69.848
      125        1.623        5.424            0      482.141       47.358       67.883
      126        1.624        5.369            0      476.434       44.639       68.239
      127        1.755        5.416            0      480.123       37.725       69.020
      128        1.466        5.439            0      483.455       35.387       69.711
      129        1.564        5.371            0      482.112       28.349       66.734
      130        1.454        5.461            0      477.639       34.812       68.827
      131        1.575        5.364            0      478.319       34.811       65.809
      132        1.517        5.325            0      477.240       28.404       68.729
      133        1.505        5.459            0      483.798       42.679       67.304
      134        1.526        5.453            0      482.140       51.196       71.334
      135        1.385        5.327            0      478.140       36.329       68.179
      136        1.577        5.359            0      483.010       62.585       66.107
      137        1.479        5.335            0      475.972       64.615       65.993
      138        1.385        5.409            0      481.677       69.912       66.320
      139        1.493        5.425            0      487.098       74.933       66.493
      140        1.449        5.485            0      479.037       77.373       72.241
      141        1.579        5.137            0      475.825       52.052       72.033
      142        1.485        5.217            0      476.080       44.309       71.964
      143        1.332        5.414            0      482.963       56.696       70.914
      144        1.486        5.374            0      483.191       63.653       71.366
      145        1.469        5.376            0      474.144       70.480       75.372
      146        1.461        5.488            0      489.049       59.192       65.770
      147        1.586        5.367            0      477.357       62.137       67.501
      148        1.500        5.391            0      476.468       77.956       71.041
      149        1.703        5.455            0      478.339       62.987       69.302
      150        1.558        5.305            0      468.670       66.151       70.479
      151        1.578        5.362            0      478.497       57.602       67.627
      152        1.587        5.356            0      475.774       50.326       72.041
      153        1.606        5.271            0      477.560       57.034       68.525
      154        1.591        5.441            0      484.979       44.572       66.960
      155        1.515        5.426            0      485.566       56.643       64.791
      156        1.448        5.412            0      479.733       54.111       63.788
      157        1.691        5.372            0      483.608       48.360       69.124
      158        1.433        5.415            0      483.564       76.998       66.320
      159        1.429        5.455            0      481.381       64.448       67.415
      160        1.684        5.371            0      484.107       52.769       70.120
      161        1.483        5.486            0      479.043       49.135       68.291
      162        1.331        5.521            0      476.440       64.356       66.661
      163        1.548        5.597            0      479.853       59.180       69.341
      164        1.563        5.504            0      480.930       73.133       71.576
      165        1.710        5.479            0      480.776       62.542       72.032
      166        1.605        5.382            0      475.632       70.947       71.201
      167        1.466        5.400            0      474.604       63.543       71.401
      168        1.605        5.431            0      478.732       89.218       73.024
      169        1.648        5.417            0      478.085       72.808       67.135
      170        1.427        5.400            0      475.862       81.297       73.618
      171        1.566        5.458            0      481.109       83.939       67.818
      172        1.640        5.378            0      476.526       81.089       70.532
      173        1.712        5.263            0      473.876      104.548       64.929
      174        1.603        5.355            0      480.606       89.586       68.662
      175        1.645        5.344            0      481.590       90.570       71.569
      176        1.776        5.311            0      476.329       71.856       61.274
      177        1.777        5.333            0      478.766       77.827       68.448
      178        1.603        5.485            0      476.242       66.128       71.470
      179        1.709        5.310            0      477.704       80.168       67.593
      180        1.603        5.488            0      477.099       82.853       71.103
      181        1.702        5.476            0      478.584       90.654       70.356
      182        1.645        5.356            0      480.958       59.283       69.691
      183        1.592        5.280            0      475.918       60.724       71.198
      184        1.699        5.531            0      483.797       84.540       69.945
      185        1.588        5.347            0      479.452       76.311       70.275
      186        1.588        5.375            0      485.489       91.521       65.394
      187        1.462        5.331            0      478.744      105.054       68.207
      188        1.585        5.359            0      474.276       77.642       70.101
      189        1.555        5.389            0      481.818       72.171       74.027
      190        1.587        5.420            0      484.133       72.484       70.448
      191        1.440        5.423            0      479.789       84.692       67.261
      192        1.592        5.342            0      473.433       75.166       68.378
      193        1.606        5.461            0      482.406       77.291       66.635
      194        1.655        5.387            0      478.209       71.775       69.176
      195        1.468        5.429            0      476.995       80.861       76.491
      196        1.613        5.308            0      481.292       93.477       68.637
      197        1.605        5.429            0      476.904       76.277       72.614
      198        1.488        5.511            0      484.540       92.326       70.164
      199        1.413        5.357            0      478.239       86.367       68.287
      200        1.503        5.391            0      477.380       95.100       72.591
      201        1.528        5.408            0      477.183       67.790       66.763
      202        1.572        5.421            0      486.398       79.011       66.512
      203        1.568        5.496            0      483.277       81.576       68.463
      204        1.471        5.490            0      484.359       93.827       62.311
      205        1.381        5.332            0      476.559       96.279       71.862
      206        1.421        5.481            0      475.645      103.933       75.313
      207        1.540        5.465            0      479.183      102.170       71.145
      208        1.385        5.394            0      483.616       92.965       69.636
      209        1.535        5.392            0      476.793       89.019       72.172
      210        1.594        5.442            0      484.121       86.357       73.599
      211        1.507        5.400            0      480.164       92.876       70.189
      212        1.589        5.457            0      490.013      100.218       64.622
      213        1.461        5.483            0      479.608      101.719       71.173
      214        1.494        5.511            0      478.547       82.788       71.315
      215        1.607        5.416            0      475.228       89.623       72.341
      216        1.602        5.412            0      485.038       97.233       70.048
      217        1.553        5.418            0      481.811       80.147       68.086
      218        1.581        5.485            0      479.761       76.245       71.471
      219        1.473        5.591            0      487.764       96.824       72.588
      220        1.627        5.514            0      484.471       72.520       69.669
      221        1.632        5.457            0      479.590       73.421       73.149
      222        1.483        5.502            0      472.367       89.639       73.418
      223        1.569        5.439            0      480.611       85.194       71.492
      224        1.527        5.466            0      478.111       94.882       69.290
      225        1.544        5.449            0      484.256       91.948       69.996
      226        1.426        5.435            0      480.709       77.612       69.379
      227        1.606        5.388            0      475.506       85.721       66.869
      228        1.535        5.411            0      485.564       76.431       73.637
      229        1.685        5.504            0      476.398       76.692       72.528
      230        1.623        5.407            0      476.517       93.906       68.378
      231        1.591        5.418            0      476.309       92.716       69.850
      232        1.484        5.399            0      477.886       92.592       64.126
      233        1.598        5.320            0      475.078       89.968       68.033
      234        1.514        5.513            0      484.387       80.851       72.187
      235        1.646        5.467            0      476.046       90.165       71.853
      236        1.579        5.369            0      474.445      100.810       74.841
      237        1.755        5.333            0      475.667       78.973       72.418
      238        1.519        5.385            0      478.812       77.086       69.469
      239        1.657        5.286            0      477.046       75.749       73.109
      240        1.676        5.292            0      472.648       94.974       70.644
      241        1.523        5.360            0      480.532      110.076       68.715
      242        1.453        5.549            0      477.473      113.601       73.005
      243        1.544        5.455            0      486.145       98.585       68.766
      244        1.573        5.438            0      487.133       76.467       64.494
      245        1.576        5.295            0      473.941       55.376       70.263
      246        1.562        5.477            0      478.328       65.173       75.683
      247        1.610        5.310            0      480.521      111.907       64.752
      248        1.531        5.412            0      479.230       93.544       67.015
      249        1.470        5.556            0      478.800       74.589       69.503
      250        1.563        5.417            0      482.514       93.006       72.133
      251        1.544        5.474            0      481.780      108.135       69.886
      252        1.475        5.423            0      477.194      105.415       73.833
      253        1.466        5.475            0      478.125       70.669       70.494
      254        1.616        5.455            0      481.243       82.693       67.106
      255        1.646        5.416            0      474.269       90.304       74.087
      256        1.574        5.516            0      486.407       75.045       70.821
      257        1.585        5.439            0      478.524       91.762       67.108
      258        1.539        5.358            0      472.896       93.711       71.226
      259        1.439        5.525            0      475.181       81.765       72.681
      260        1.538        5.387            0      477.498       99.763       73.040
      261        1.423        5.476            0      475.915       91.812       73.740
      262        1.541        5.399            0      473.406       86.966       69.392
      263        1.518        5.378            0      476.065       77.892       69.925
      264        1.431        5.375            0      479.038       91.658       71.196
      265        1.682        5.316            0      472.615       82.639       67.021
      266        1.599        5.473            0      479.855       87.659       72.424
      267        1.591        5.419            0      482.295       80.250       71.173
      268        1.533        5.428            0      480.145       82.269       69.793
      269        1.533        5.327            0      472.523       73.553       73.694
      270        1.582        5.346            0      470.852       92.703       70.011
      271        1.513        5.380            0      487.199       80.907       65.970
      272        1.647        5.367            0      485.489       85.327       68.697
      273        1.739        5.488            0      485.248       69.507       65.022
      274        1.638        5.412            0      478.620       60.833       65.796
      275        1.688        5.424            0      480.770       72.516       67.442
      276        1.458        5.574            0      484.503       74.379       70.200
      277        1.671        5.356            0      471.492       85.415       68.133
      278        1.550        5.321            0      483.975      100.192       74.330
      279        1.548        5.354            0      481.819       69.775       66.587
      280        1.535        5.397            0      478.342       89.483       71.018
      281        1.734        5.328            0      478.671       86.126       66.326
      282        1.581        5.363            0      471.906       85.861       68.496
      283        1.517        5.445            0      475.274      103.134       70.878
      284        1.586        5.377            0      483.585       93.192       64.804
      285        1.546        5.488            0      478.855      104.208       68.222
      286        1.641        5.314            0      472.935       95.218       67.337
      287        1.689        5.281            0      468.540      103.955       69.018
      288        1.637        5.312            0      481.555       84.183       65.498
      289        1.612        5.443            0      482.660      103.959       70.788
      290        1.609        5.388            0      479.533       92.816       66.417
      291        1.546        5.410            0      476.671       87.871       66.691
      292        1.558        5.350            0      475.324       84.806       68.012
      293        1.561        5.405            0      479.445       81.953       69.258
      294        1.528        5.497            0      481.564       72.188       69.074
      295        1.632        5.307            0      477.302       82.816       70.816
      296        1.576        5.275            0      481.510       78.252       66.402
      297        1.610        5.355            0      469.644       88.902       68.603
      298        1.506        5.421            0      479.522      112.419       71.354
      299        1.518        5.460            0      478.485      104.922       69.759
      300        1.686        5.426            0      485.084       90.901       65.237
      301        1.540        5.463            0      479.930       92.585       67.760
      302        1.627        5.418            0      473.464       77.273       70.579
      303        1.537        5.401            0      478.611       76.207       75.012
      304        1.686        5.410            0      486.123      106.628       67.830
      305        1.550        5.481            0      485.133       82.496       71.351
      306        1.761        5.359            0      472.865       83.560       69.147
      307        1.623        5.518            0      478.957       82.184       67.647
      308        1.711        5.420            0      477.408       88.454       67.310
      309        1.390        5.528            0      481.173      100.737       69.340
      310        1.566        5.391            0      475.509       64.800       72.722
      311        1.610        5.354            0      480.275       66.092       70.478
      312        1.777        5.309            0      480.469       84.547       59.493
      313        1.601        5.424            0      472.990       69.963       74.247
      314        1.587        5.545            0      480.825       83.920       69.182
      315        1.414        5.375            0      473.917       87.618       69.785
      316        1.620        5.386            0      475.079       83.696       67.956
      317        1.553        5.334            0      475.791       79.343       70.531
      318        1.456        5.385            0      486.823       75.621       69.162
      319        1.527        5.424            0      477.078       91.640       68.870
      320        1.598        5.346            0      481.080       95.226       73.129
      321        1.593        5.314            0      471.952       89.563       69.690
      322        1.497        5.453            0      481.412      111.802       67.735
      323        1.526        5.350            0      476.966      103.579       73.318
      324        1.501        5.396            0      479.616      105.992       65.468
      325        1.566        5.440            0      477.242       90.229       67.918
      326        1.686        5.234            0      466.980       80.214       68.482
      327        1.591        5.391            0      479.725       90.100       71.099
      328        1.650        5.410            0      477.730       73.366       71.757
      329        1.465        5.349            0      481.547       69.337       68.871
      330        1.546        5.372            0      482.259       72.645       69.802
      331        1.423        5.595            0      480.538       62.787       66.485
      332        1.658        5.459            0      479.588       46.208       69.024
      333        1.618        5.355            0      476.932       63.228       69.059
      334        1.485        5.505            0      483.592       64.758       71.341
      335        1.620        5.450            0      479.825       75.930       70.759
      336        1.598        5.368            0      484.168       84.074       69.504
      337        1.528        5.441            0      484.493       78.786       66.212
      338        1.401        5.424            0      477.467       58.094       70.598
      339        1.556        5.433            0      481.638       60.977       69.454
      340        1.569        5.439            0      480.671       58.905       65.593
      341        1.657        5.484            0      482.259       75.430       66.301
      342        1.613        5.467            0      482.891       57.107       71.103
      343        1.690        5.211            0      474.923       61.674       73.899
      344        1.632        5.346            0      474.976       56.973       71.518
      345        1.573        5.438            0      483.822       47.198       73.611
      346        1.638        5.472            0      488.200       53.899       68.115
      347        1.583        5.405            0      475.561       63.414       72.764
      348        1.574        5.491            0      478.621       66.933       70.531
      349        1.701        5.401            0      470.021       44.596       70.462
      350        1.561        5.346            0      479.262       67.298       68.746
      351        1.642        5.358            0      468.274       53.603       69.649
      352        1.689        5.447            0      475.550       42.765       71.034
      353        1.576        5.461            0      478.034       64.158       71.773
      354        1.642        5.490            0      476.761       53.326       67.476
      355        1.636        5.525            0      480.352       53.144       68.866
      356        1.507        5.480            0      478.200       84.381       71.319
      357        1.490        5.503            0      480.775       75.876       68.272
      358        1.578        5.508            0      479.342       45.899       72.849
      359        1.560        5.461            0      485.563       42.862       73.977
      360        1.637        5.323            0      476.978       45.467       69.935
      361        1.499        5.543            0      480.207       58.024       64.959
      362        1.653        5.403            0      480.934       55.168       67.195
      363        1.481        5.507            0      473.639       69.650       69.077
      364        1.563        5.500            0      482.346       65.142       68.535
      365        1.502        5.385            0      476.478       60.434       70.255
      366        1.486        5.446            0      478.331       68.097       71.576
      367        1.577        5.405            0      484.205       44.480       68.128
      368        1.610        5.320            0      483.613       73.317       75.527
      369        1.623        5.432            0      479.733       43.272       67.815
      370        1.586        5.500            0      483.392       43.275       75.416
      371        1.671        5.455            0      480.468       42.151       71.344
      372        1.603        5.390            0      486.947       55.791       70.244
      373        1.489        5.460            0      474.045       75.335       71.085
      374        1.643        5.393            0      483.815       63.927       65.582
      375        1.560        5.427            0      484.618       58.365       68.520
      376        1.638        5.360            0      474.293       63.237       67.108
      377        1.527        5.595            0      478.984       57.605       70.976
      378        1.502        5.272            0      480.743       68.127       71.865
      379        1.590        5.444            0      478.718       65.666       67.866
      380        1.608        5.326            0      476.596       55.739       69.875
      381        1.517        5.402            0      480.104       47.288       73.368
      382        1.585        5.327            0      477.086       57.533       71.350
      383        1.451        5.380            0      483.543       44.004       69.989
      384        1.541        5.426            0      474.161       58.766       67.333
      385        1.380        5.434            0      479.683       54.839       72.495
      386        1.425        5.462            0      484.871       63.327       68.507
      387        1.579        5.381            0      470.947       48.771       73.366
      388        1.535        5.389            0      477.077       74.512       70.014
      389        1.567        5.404            0      481.054       72.839       65.207
      390        1.405        5.508            0      481.384       60.609       70.213
      391        1.283        5.528            0      480.320       71.186       70.832
      392        1.584        5.395            0      474.977       67.687       71.175
      393        1.468        5.476            0      480.002       54.165       69.152
      394        1.588        5.407            0      481.254       68.505       68.766
      395        1.589        5.432            0      485.661       74.325       65.988
      396        1.563        5.476            0      481.378       77.133       72.685
      397        1.590        5.450            0      483.053       80.534       70.163
      398        1.546        5.451            0      477.464       90.939       68.765
      399        1.515        5.411            0      474.259       90.284       71.683
      400        1.615        5.386            0      477.640       85.768       66.625
      401        1.462        5.470            0      480.752       68.852       76.026
      402        1.505        5.373            0      483.179       60.427       65.197
      403        1.399        5.483            0      478.719       63.835       68.710
      404        1.676        5.314            0      471.736       72.127       74.736
      405        1.557        5.347            0      474.609       59.492       76.103
      406        1.638        5.353            0      475.558       63.043       72.053
      407        1.465        5.500            0      476.548       67.557       68.170
      408        1.529        5.480            0      480.937       81.179       68.632
      409        1.495        5.511            0      482.800       82.950       68.432
      410        1.256        5.498            0      477.614       93.754       73.705
      411        1.547        5.489            0      476.253       82.852       69.407
      412        1.551        5.462            0      476.903       79.815       70.268
      413        1.592        5.405            0      475.160       82.412       71.437
      414        1.508        5.429            0      476.770       86.397       70.991
      415        1.437        5.519            0      479.885       93.799       66.623
      416        1.659        5.330            0      470.312       81.006       70.236
      417        1.534        5.408            0      474.756       56.094       66.190
      418        1.493        5.438            0      482.040       55.314       72.835
      419        1.550        5.437            0      478.408       68.546       71.700
      420        1.613        5.373            0      474.249       70.470       67.725
      421        1.498        5.482            0      474.990       60.117       70.665
      422        1.536        5.519            0      490.818       66.087       66.371
      423        1.496        5.479            0      485.614       65.516       70.277
      424        1.646        5.364            0      476.449       72.949       67.330
      425        1.782        5.462            0      479.375       45.749       67.475
      426        1.544        5.293            0      477.645       68.969       72.160
      427        1.323        5.491            0      477.683       79.599       70.264
      428        1.391        5.524            0      483.182       53.914       71.848
      429        1.479        5.410            0      481.438       64.006       63.508
      430        1.397        5.675            0      487.827       79.397       62.866
      431        1.527        5.377            0      477.588       65.234       66.248
      432        1.519        5.396            0      478.401       65.367       64.956
      433        1.526        5.277            0      476.434       61.065       68.598
      434        1.706        5.283            0      476.492       35.324       66.205
      435        1.562        5.382            0      485.261       60.981       68.237
      436        1.456        5.411            0      475.811       55.219       69.973
      437        1.568        5.318            0      475.395       33.821       69.874
      438        1.554        5.367            0      480.981       34.920       69.640
      439        1.718        5.427            0      479.775       21.973       70.455
      440        1.698        5.385            0      478.239       43.606       71.233
      441        1.569        5.366            0      486.356       61.203       70.283
      442        1.548        5.259            0      488.639       45.428       67.878
      443        1.502        5.478            0      490.305       45.805       68.037
      444        1.405        5.467            0      484.344       54.395       70.596
      445        1.419        5.420            0      475.313       68.094       69.739
      446        1.381        5.435            0      483.948       54.585       68.003
      447        1.569        5.422            0      477.846       44.872       70.419
      448        1.446        5.491            0      477.000       53.177       68.655
      449        1.598        5.416            0      476.050       54.119       68.538
      450        1.556        5.305            0      475.779       55.165       71.396
      451        1.445        5.403            0      481.936       43.424       71.914
      452        1.465        5.425            0      478.026       39.042       68.922
      453        1.436        5.408            0      471.711       53.472       72.078
      454        1.558        5.376            0      474.652       48.556       67.845
      455        1.421        5.471            0      479.686       72.187       68.429
      456        1.577        5.356            0      482.662       58.302       70.602
      457        1.558        5.359            0      479.556       55.873       68.242
      458        1.480        5.378            0      478.110       59.632       67.299
      459        1.351        5.410            0      481.005       63.984       68.856
      460        1.471        5.362            0      479.598       53.840       69.441
      461        1.464        5.371            0      485.889       73.734       66.957
      462        1.492        5.406            0      479.718       69.342       65.372
      463        1.529        5.389            0      480.348       64.629       69.368
      464        1.701        5.285            0      477.432       75.231       67.894
      465        1.702        5.447            0      475.823       70.455       68.317
      466        1.549        5.266            0      478.703       74.118       70.111
      467        1.533        5.298            0      480.452       82.549       67.359
      468        1.556        5.310            0      481.926       63.432       73.706
      469        1.493        5.430            0      483.149       66.247       69.821
      470        1.666        5.446            0      481.927       59.305       64.592
      471        1.523        5.490            0      485.360       62.644       70.265
      472        1.627        5.406            0      484.679       81.407       67.278
      473        1.389        5.391            0      478.279       67.949       67.878
      474        1.440        5.363            0      479.543       72.054       73.576
      475        1.319        5.481            0      481.475       72.905       69.280
      476        1.322        5.509            0      478.863       55.499       70.845
      477        1.424        5.438            0      484.575       86.456       67.598
      478        1.621        5.442            0      481.779       80.379       70.539
      479        1.483        5.358            0      479.376       69.274       70.279
      480        1.489        5.485            0      483.503       66.909       69.863
      481        1.512        5.391            0      474.053       88.823       71.261
      482        1.743        5.226            0      470.791       76.580       65.880
      483        1.616        5.544            0      482.823       76.157       68.693
      484        1.411        5.405            0      481.177       94.687       72.985
      485        1.460        5.442            0      481.912       75.835       67.630
      486        1.587        5.456            0      480.599       87.095       68.310
      487        1.495        5.279            0      478.981       67.891       70.209
      488        1.706        5.331            0      473.317       60.530       69.849
      489        1.559        5.346            0      473.363       69.336       65.027
      490        1.532        5.351            0      480.947       73.489       75.602
      491        1.453        5.542            0      480.031       98.846       66.857
      492        1.496        5.340            0      474.161       61.670       74.812
      493        1.501        5.382            0      482.787       83.582       64.573
      494        1.440        5.538            0      480.624       76.115       71.203
      495        1.696        5.356            0      478.624       76.716       67.926
      496        1.573        5.645            0      479.886       73.723       72.009
      497        1.705        5.380            0      481.584       50.419       68.408
      498        1.556        5.463            0      479.136       72.155       66.249
      499        1.372        5.466            0      481.858       65.125       64.625
      500        1.525        5.442            0      485.552       80.268       71.230
      501        1.527        5.458            0      477.567       41.646       70.815
      502        1.669        5.483            0      478.800       58.117       65.260
      503        1.576        5.383            0      483.188       61.888       69.689
      504        1.569        5.487            0      481.432       47.510       69.536
      505        1.474        5.481            0      489.040       73.966       66.253
      506        1.489        5.438            0      480.647       63.571       71.370
      507        1.643        5.352            0      483.352       70.855       66.830
      508        1.396        5.458            0      478.511       84.019       68.386
      509        1.443        5.395            0      481.720       76.443       68.097
      510        1.586        5.492            0      484.576       55.785       69.696
      511        1.637        5.370            0      474.100       59.536       70.529
      512        1.509        5.315            0      474.256       74.931       65.570
      513        1.436        5.562            0      485.399       60.011       68.062
      514        1.694        5.409            0      482.260       52.695       66.403
      515        1.485        5.561            0      482.694       63.341       67.670
      516        1.467        5.371            0      483.123       56.694       72.481
      517        1.446        5.510            0      487.100       71.303       72.063
      518        1.554        5.367            0      484.828       67.697       66.100
      519        1.487        5.495            0      480.115       49.255       62.742
      520        1.459        5.428            0      482.495       61.823       67.821
      521        1.559        5.510            0      478.168       61.456       67.008
      522        1.701        5.474            0      479.182       42.789       64.599
      523        1.530        5.458            0      487.002       41.588       66.191
      524        1.561        5.537            0      484.825       55.497       63.947
      525        1.562        5.385            0      477.115       55.553       73.655
      526        1.648        5.374            0      476.844       52.594       71.071
      527        1.564        5.513            0      479.859       44.663       69.410
      528        1.563        5.405            0      478.569       69.737       67.191
      529        1.570        5.359            0      479.483       41.988       73.295
      530        1.547        5.439            0      480.106       60.751       73.418
      531        1.544        5.421            0      479.482       77.000       73.672
      532        1.548        5.667            0      485.202       70.822       70.436
      533        1.545        5.408            0      488.188       77.197       70.252
      534        1.434        5.510            0      480.153       63.020       62.989
      535        1.551        5.474            0      476.676       79.437       64.886
      536        1.509        5.325            0      479.787       64.094       68.510
      537        1.633        5.305            0      473.705       65.140       77.333
      538        1.460        5.503            0      479.539       59.677       67.743
      539        1.548        5.373            0      484.307       82.270       70.393
      540        1.473        5.498            0      478.931       56.655       68.367
      541        1.543        5.506            0      483.773       79.237       68.789
      542        1.599        5.519            0      475.180       77.872       71.808
      543        1.639        5.359            0      479.745       52.490       68.931
      544        1.616        5.364            0      478.965       74.403       67.610
      545        1.479        5.354            0      474.429       56.294       67.856
      546        1.539        5.403            0      474.988      105.852       68.010
      547        1.597        5.411            0      477.249       76.774       65.374
      548        1.686        5.304            0      473.315       66.374       64.636
      549        1.687        5.459            0      478.503       43.905       67.754
      550        1.532        5.422            0      484.351       72.699       69.386
      551        1.558        5.492            0      483.089       62.907       72.379
      552        1.500        5.483            0      485.675       59.956       69.099
      553        1.625        5.466            0      480.030       82.168       65.602
      554        1.601        5.406            0      480.922       91.650       65.958
      555        1.554        5.599            0      476.182       68.996       75.976
      556        1.505        5.565            0      483.978       55.314       64.359
      557        1.558        5.608            0      485.517       63.425       71.233
      558        1.643        5.375            0      478.575       80.503       73.826
      559        1.510        5.486            0      479.933       83.369       71.972
      560        1.439        5.406            0      481.910       70.894       70.110
      561        1.511        5.538            0      474.632       59.132       74.428
      562        1.530        5.420            0      476.604       61.209       64.912
      563        1.450        5.459            0      479.836       94.194       70.318
      564        1.653        5.411            0      481.627       61.696       70.628
      565        1.566        5.424            0      484.629       76.424       67.099
      566        1.510        5.445            0      482.759       76.477       67.544
      567        1.610        5.360            0      478.808       81.478       68.012
      568        1.460        5.457            0      479.394       71.970       67.658
      569        1.634        5.332            0      476.710       81.223       74.821
      570        1.507        5.503            0      484.243       71.388       68.174
      571        1.538        5.483            0      484.696       56.305       68.372
      572        1.328        5.561            0      483.284       57.365       68.240
      573        1.511        5.465            0      479.950       67.071       68.660
      574        1.473        5.467            0      479.738       90.885       67.481
      575        1.419        5.455            0      479.322       82.798       70.407
      576        1.364        5.486            0      480.980       69.934       69.687
      577        1.455        5.409            0      481.017       65.815       74.914
      578        1.503        5.446            0      481.834       74.614       71.433
      579        1.498        5.457            0      478.320       87.029       68.506
      580        1.479        5.525            0      480.349       84.018       70.032
      581        1.541        5.440            0      482.333       83.159       70.260
      582        1.514        5.334            0      479.266       69.992       66.052
      583        1.485        5.413            0      483.278       74.513       68.807
      584        1.539        5.423            0      486.113       60.715       69.319
      585        1.539        5.530            0      483.082       59.117       71.150
      586        1.589        5.458            0      480.613       81.109       67.832
      587        1.672        5.489            0      482.697       69.131       67.258
      588        1.481        5.433            0      473.231       83.127       67.586
      589        1.594        5.288            0      471.573       88.858       67.680
      590        1.551        5.377            0      476.109       79.652       67.164
      591        1.556        5.452            0      481.844       72.433       68.857
      592        1.569        5.475            0      480.805       66.786       72.773
      593        1.489        5.468            0      484.370       46.041       67.171
      594        1.771        5.240            0      471.939       49.796       75.157
      595        1.609        5.402            0      482.120       71.318       68.959
      596        1.699        5.389            0      478.143       70.283       64.494
      597        1.649        5.381            0      483.103       58.096       74.827
      598        1.425        5.559            0      487.526       62.938       71.418
      599        1.639        5.414            0      477.256       67.064       63.038
      600        1.656        5.414            0      476.972       84.961       66.116
      601        1.387        5.373            0      481.745       58.002       69.828
      602        1.663        5.405            0      484.911       61.414       68.862
      603        1.653        5.434            0      479.130       58.889       68.598
      604        1.533        5.349            0      471.583       76.543       71.067
      605        1.522        5.561            0      474.392       76.669       68.443
      606        1.603        5.397            0      477.353       84.747       70.594
      607        1.594        5.470            0      483.811       90.881       71.854
      608        1.584        5.423            0      478.090       84.077       70.298
      609        1.343        5.530            0      475.973       86.186       73.194
      610        1.367        5.449            0      474.244       97.411       70.145
      611        1.546        5.490            0      483.348       86.971       72.871
      612        1.596        5.618            0      477.994       73.357       70.680
      613        1.688        5.401            0      478.076       89.430       65.513
      614        1.571        5.489            0      476.550       77.436       68.222
      615        1.605        5.550            0      483.946       58.648       69.775
      616        1.402        5.572            0      483.719       76.304       63.559
      617        1.352        5.576            0      480.997       95.959       70.866
      618        1.496        5.409            0      478.200       60.510       69.384
      619        1.569        5.331            0      477.146       81.807       70.497
      620        1.389        5.512            0      479.916       80.099       65.386
      621        1.678        5.287            0      476.654       78.270       71.311
      622        1.586        5.480            0      481.895       50.975       70.184
      623        1.545        5.374            0      479.743       62.369       67.152
      624        1.528        5.500            0      487.967       56.988       68.202
      625        1.519        5.485            0      484.740       56.894       68.508
      626        1.602        5.528            0      482.888       57.115       69.057
      627        1.607        5.514            0      485.601       69.411       69.897
      628        1.583        5.380            0      479.026       45.157       67.076
      629        1.519        5.461            0      479.703       56.207       67.101
      630        1.626        5.328            0      480.044       53.474       70.061
      631        1.641        5.468            0      486.427       66.700       70.294
      632        1.714        5.397            0      477.451       65.830       73.892
      633        1.542        5.424            0      484.338       66.704       68.659
      634        1.590        5.437            0      484.996       53.695       70.018
      635        1.524        5.374            0      483.633       62.757       66.430
      636        1.642        5.459            0      482.384       52.723       66.018
      637        1.405        5.415            0      480.672       57.781       73.879
      638        1.546        5.421            0      479.201       53.389       66.858
      639        1.637        5.265            0      469.980       83.772       72.880
      640        1.522        5.521            0      482.216       68.051       70.333
      641        1.686        5.380            0      475.596       76.773       65.288
      642        1.488        5.393            0      481.065       73.780       70.313
      643        1.601        5.377            0      481.297       78.417       65.006
      644        1.609        5.349            0      477.915       56.701       64.260
      645        1.448        5.481            0      481.949       61.096       66.570
      646        1.511        5.383            0      484.395       82.489       74.294
      647        1.708        5.413            0      480.189       79.006       69.156
      648        1.684        5.412            0      477.816       73.926       65.905
      649        1.590        5.470            0      484.645       59.661       65.302
      650        1.634        5.413            0      478.156       75.325       67.114
      651        1.656        5.383            0      476.976       51.687       70.792
      652        1.643        5.419            0      473.347       53.408       72.995
      653        1.799        5.306            0      465.771       43.379       69.666
      654        1.549        5.424            0      473.626       58.086       72.597
      655        1.559        5.553            0      485.869       73.186       68.979
      656        1.578        5.357            0      480.220       69.355       72.056
      657        1.570        5.456            0      484.405       63.262       74.461
      658        1.505        5.450            0      478.550       50.398       66.426
      659        1.541        5.417            0      481.896       52.841       74.026
      660        1.562        5.463            0      475.926       67.565       69.585
      661        1.616        5.384            0      484.212       64.874       66.888
      662        1.493        5.499            0      473.344       69.578       70.323
      663        1.687        5.441            0      482.829       82.803       66.692
      664        1.652        5.493            0      484.654       79.086       71.181
      665        1.536        5.490            0      481.725       67.277       71.201
      666        1.622        5.318            0      472.648       60.053       69.720
      667        1.625        5.403            0      483.377       80.739       73.166
      668        1.505        5.500            0      486.349       52.372       65.107
      669        1.594        5.478            0      476.359       45.781       64.899
      670        1.559        5.401            0      475.680       72.552       66.919
      671        1.669        5.604            0      482.433       82.250       64.681
      672        1.604        5.382            0      473.843       76.372       65.393
      673        1.838        5.324            0      469.385       72.484       64.222
      674        1.657        5.371            0      484.358       65.322       66.419
      675        1.582        5.339            0      477.196       78.843       67.907
      676        1.673        5.375            0      474.182       77.641       74.403
      677        1.736        5.294            0      469.146       58.993       67.047
      678        1.552        5.567            0      477.582       86.527       76.650
      679        1.459        5.402            0      475.625       97.058       71.220
      680        1.582        5.391            0      469.897       75.823       71.061
      681        1.538        5.422            0      476.333       86.016       69.403
      682        1.567        5.438            0      479.969       77.289       70.138
      683        1.638        5.426            0      478.519       79.808       71.819
      684        1.499        5.643            0      476.521       68.648       72.721
      685        1.524        5.555            0      477.487       67.312       71.432
      686        1.553        5.424            0      470.178       75.512       71.334
      687        1.531        5.559            0      474.860       66.014       68.505
      688        1.560        5.460            0      478.511       76.672       73.547
      689        1.583        5.403            0      474.614       68.244       68.860
      690        1.587        5.461            0      483.885       67.068       69.299
      691        1.493        5.428            0      473.398       88.666       68.314
      692        1.598        5.387            0      483.808       95.380       65.628
      693        1.500        5.487            0      482.067       90.754       69.219
      694        1.506        5.547            0      482.360       73.431       69.364
      695        1.534        5.523            0      473.432       84.821       69.133
      696        1.514        5.472            0      476.513       79.601       70.667
      697        1.592        5.432            0      479.265       62.112       65.578
      698        1.592        5.377            0      477.108       54.328       68.499
      699        1.550        5.537            0      479.184       75.554       66.227
      700        1.587        5.479            0      481.947       71.208       66.522
      701        1.605        5.368            0      477.816       78.955       69.785
      702        1.454        5.422            0      482.193       70.342       67.442
      703        1.595        5.347            0      479.833       71.393       72.708
      704        1.603        5.375            0      479.282       75.522       68.385
      705        1.567        5.435            0      481.995       88.713       66.019
      706        1.540        5.505            0      486.525       80.011       67.584
      707        1.697        5.502            0      489.260       79.881       71.101
      708        1.575        5.466            0      486.678       73.305       69.599
      709        1.427        5.551            0      482.397       56.353       69.552
      710        1.608        5.593            0      483.458       71.886       67.641
      711        1.490        5.586            0      476.368       77.004       72.391
      712        1.475        5.348            0      482.519       87.804       74.347
      713        1.644        5.384            0      476.264       61.378       67.256
      714        1.581        5.445            0      479.591       89.134       73.541
      715        1.591        5.527            0      482.805       70.731       66.810
      716        1.615        5.452            0      481.756       92.585       69.610
      717        1.612        5.502            0      479.656       87.378       71.753
      718        1.539        5.500            0      475.431       83.331       67.853
      719        1.470        5.489            0      476.424       69.019       70.843
      720        1.477        5.494            0      482.287       77.107       70.287
      721        1.484        5.434            0      481.765       86.105       68.717
      722        1.624        5.370            0      470.302       75.975       70.177
      723        1.624        5.416            0      480.740       90.849       69.436
      724        1.506        5.500            0      480.619       82.727       72.719
      725        1.545        5.318            0      472.877       67.549       69.126
      726        1.623        5.479            0      484.953       70.684       69.055
      727        1.544        5.445            0      474.215       82.078       67.617
      728        1.446        5.477            0      485.840       75.136       67.642
      729        1.558        5.426            0      469.269       59.163       73.257
      730        1.535        5.476            0      479.959       73.364       65.628
      731        1.480        5.448            0      482.402       81.371       72.397
      732        1.605        5.478            0      481.515       74.672       66.668
      733        1.655        5.262            0      474.974       49.066       65.899
      734        1.566        5.310            0      475.075       64.396       69.083
      735        1.629        5.443            0      482.709       64.996       68.787
      736        1.524        5.414            0      484.930       81.591       68.803
      737        1.593        5.340            0      475.848       65.981       72.979
      738        1.564        5.450            0      481.811       82.825       69.245
      739        1.469        5.380            0      475.769       59.259       67.585
      740        1.541        5.485            0      480.270       58.126       70.935
      741        1.592        5.390            0      481.759       52.377       69.206
      742        1.614        5.359            0      474.743       76.936       70.078
      743        1.503        5.413            0      474.072       60.036       72.006
      744        1.636        5.427            0      477.584       76.365       67.019
      745        1.517        5.442            0      476.760       62.014       65.916
      746        1.551        5.328            0      478.589       67.659       67.624
      747        1.692        5.411            0      483.289       60.861       65.447
      748        1.665        5.327            0      478.927       68.239       69.921
      749        1.605        5.371            0      472.242       81.766       72.399
      750        1.499        5.437            0      476.212       65.437       70.490
      751        1.533        5.335            0      475.679       75.254       71.168
      752        1.539        5.471            0      483.859       73.612       69.945
      753        1.661        5.301            0      474.174       75.799       68.449
      754        1.516        5.403            0      475.292       80.527       70.235
      755        1.500        5.425            0      477.293       79.270       70.248
      756        1.563        5.351            0      484.708       82.592       70.765
      757        1.652        5.444            0      474.243       74.543       67.742
      758        1.608        5.244            0      468.229       69.467       76.568
      759        1.638        5.346            0      474.488       80.848       72.473
      760        1.519        5.397            0      485.482       80.133       67.196
      761        1.581        5.490            0      479.083       81.456       70.229
      762        1.530        5.479            0      473.620       84.522       73.288
      763        1.583        5.333            0      469.639       55.429       71.977
      764        1.606        5.489            0      480.915       59.082       73.010
      765        1.445        5.380            0      477.740       89.910       71.321
      766        1.600        5.426            0      489.633       61.361       70.308
      767        1.557        5.358            0      480.709       73.650       71.443
      768        1.467        5.522            0      479.242       51.540       69.361
      769        1.676        5.422            0      480.563       61.764       68.882
      770        1.448        5.506            0      475.165       46.066       71.237
      771        1.462        5.542            0      482.439       66.239       73.255
      772        1.501        5.480            0      477.035       71.669       69.425
      773        1.352        5.550            0      479.449       69.526       72.556
      774        1.606        5.379            0      486.991       73.808       68.635
      775        1.441        5.562            0      479.425       71.350       70.873
      776        1.546        5.333            0      483.338       74.490       70.922
      777        1.336        5.450            0      475.697       86.322       71.323
      778        1.594        5.485            0      476.202       60.966       70.064
      779        1.594        5.551            0      482.964       63.694       70.660
      780        1.612        5.468            0      473.763       48.510       72.108
      781        1.446        5.430            0      473.599       57.790       71.415
      782        1.621        5.377            0      482.199       73.266       76.319
      783        1.314        5.614            0      480.725       80.869       67.350
      784        1.593        5.544            0      481.405       60.419       67.176
      785        1.598        5.393            0      475.408       77.923       69.279
      786        1.415        5.521            0      482.177       64.032       70.321
      787        1.436        5.454            0      480.776       76.431       74.198
      788        1.469        5.522            0      477.756       78.455       70.132
      789        1.556        5.434            0      475.479       71.520       69.592
      790        1.552        5.313            0      475.182       65.372       68.449
      791        1.523        5.470            0      479.795       66.638       67.867
      792        1.556        5.452            0      480.085       62.496       74.097
      793        1.564        5.418            0      474.352       58.914       67.669
      794        1.594        5.468            0      482.709       56.081       71.573
      795        1.520        5.482            0      482.994       56.700       73.452
      796        1.432        5.510            0      472.829       63.880       73.760
      797        1.489        5.397            0      471.095       69.621       63.763
      798        1.539        5.240            0      476.778       47.551       71.539
      799        1.703        5.394            0      482.865       54.233       70.137
      800        1.673        5.281            0      480.483       55.445       64.722
      801        1.410        5.589            0      480.368       52.593       65.446
      802        1.459        5.436            0      481.503       74.180       71.961
      803        1.463        5.560            0      484.916       71.060       67.378
      804        1.498        5.376            0      484.709       65.266       67.366
      805        1.765        5.370            0      477.011       46.991       71.719
      806        1.671        5.370            0      479.401       68.648       68.982
      807        1.410        5.469            0      479.820       45.864       75.749
      808        1.543        5.403            0      478.287       77.629       71.328
      809        1.565        5.370            0      485.330       52.745       68.061
      810        1.621        5.315            0      485.624       48.691       68.403
      811        1.580        5.451            0      477.620       60.486       66.357
      812        1.399        5.463            0      479.110       51.045       66.386
      813        1.574        5.406            0      479.285       50.800       65.408
      814        1.525        5.404            0      484.418       67.224       65.699
      815        1.466        5.492            0      480.783       64.954       72.234
      816        1.496        5.468            0      483.744       83.372       68.051
      817        1.533        5.445            0      483.037       60.528       65.379
      818        1.430        5.319            0      471.631       33.736       74.666
      819        1.541        5.435            0      477.742       40.016       67.853
      820        1.506        5.324            0      470.484       41.044       71.197
      821        1.711        5.263            0      473.101       50.926       73.875
      822        1.629        5.278            0      470.165       49.527       65.093
      823        1.568        5.316            0      477.176       49.447       71.281
      824        1.495        5.326            0      473.251       42.796       67.164
      825        1.481        5.420            0      476.929       57.044       67.935
      826        1.583        5.270            0      471.662       57.665       71.428
      827        1.570        5.356            0      474.545       61.110       66.583
      828        1.655        5.283            0      475.917       60.886       73.651
      829        1.510        5.422            0      477.994       57.893       68.457
      830        1.752        5.389            0      478.939       64.588       73.700
      831        1.539        5.404            0      476.219       62.099       74.061
      832        1.633        5.327            0      479.398       58.772       70.225
      833        1.598        5.308            0      474.791       39.045       67.969
      834        1.788        5.264            0      472.667       46.105       69.179
      835        1.554        5.250            0      470.715       57.953       69.374
      836        1.519        5.266            0      476.598       49.708       72.909
      837        1.638        5.378            0      476.259       48.403       71.050
      838        1.590        5.372            0      479.712       57.333       68.234
      839        1.700        5.419            0      477.683       68.785       67.450
      840        1.619        5.340            0      476.283       58.040       65.981
      841        1.630        5.445            0      483.168       66.762       69.327
      842        1.529        5.474            0      481.471       53.230       70.739
      843        1.609        5.369            0      478.480       61.520       71.044
      844        1.665        5.362            0      490.433       51.349       69.013
      845        1.542        5.258            0      468.634       45.988       75.495
      846        1.579        5.326            0      473.472       39.903       71.168
      847        1.626        5.357            0      477.393       49.519       67.726
      848        1.520        5.395            0      475.621       58.046       75.055
      849        1.455        5.460            0      477.975       55.544       68.777
      850        1.499        5.381            0      481.196       56.398       69.988
      851        1.527        5.436            0      477.524       67.146       70.770
      852        1.551        5.348            0      470.875       79.057       76.258
      853        1.710        5.430            0      478.720       60.116       67.618
      854        1.633        5.312            0      481.138       52.864       67.893
      855        1.686        5.407            0      481.924       66.449       66.233
      856        1.708        5.326            0      473.220       68.052       71.405
      857        1.555        5.356            0      481.048       68.848       72.303
      858        1.614        5.386            0      478.987       72.949       69.098
      859        1.722        5.309            0      474.780       59.471       64.773
      860        1.731        5.275            0      472.497       70.547       71.878
      861        1.778        5.296            0      471.806       71.348       71.787
      862        1.673        5.350            0      477.336       72.044       68.633
      863        1.729        5.388            0      481.700       85.134       70.137
      864        1.643        5.325            0      472.687       68.159       67.082
      865        1.416        5.421            0      475.022       87.133       71.271
      866        1.678        5.407            0      480.794       74.722       68.980
      867        1.738        5.260            0      471.991       59.559       70.443
      868        1.647        5.445            0      481.744       55.536       64.431
      869        1.690        5.301            0      470.089       65.085       72.829
      870        1.665        5.300            0      475.923       53.667       71.375
      871        1.638        5.319            0      477.784       66.545       62.670
      872        1.707        5.438            0      475.623       62.745       69.668
      873        1.751        5.398            0      473.836       71.538       71.467
      874        1.813        5.398            0      478.805      107.248       63.961
      875        1.732        5.344            0      478.289       78.328       65.547
      876        1.616        5.312            0      478.691       52.715       66.859
      877        1.767        5.232            0      478.033       38.791       70.557
      878        1.665        5.347            0      473.126       45.527       71.693
      879        1.605        5.321            0      476.807       38.048       75.357
      880        1.697        5.230            0      471.748       35.499       74.940
      881        1.703        5.376            0      480.400       49.635       66.969
      882        1.515        5.384            0      471.350       48.052       67.153
      883        1.623        5.303            0      474.154       39.022       65.919
      884        1.445        5.328            0      471.500       29.941       75.514
      885        1.609        5.187            0      463.731       34.042       75.582
      886        1.677        5.500            0      475.542       49.691       71.897
      887        1.535        5.372            0      478.348       34.912       71.853
      888        1.607        5.396            0      485.342       59.152       70.920
      889        1.463        5.397            0      474.674       76.091       69.055
      890        1.778        5.361            0      478.226       65.480       79.461
      891        1.508        5.405            0      470.262       80.535       71.126
      892        1.517        5.413            0      483.672       80.169       71.252
      893        1.684        5.378            0      470.984       48.188       67.331
      894        1.884        5.381            0      484.647       74.594       68.501
      895        1.531        5.566            0      479.395       94.708       73.082
      896        1.479        5.411            0      476.243      114.956       72.693
      897        1.770        5.354            0      473.914      115.759       71.106
      898        1.713        5.418            0      480.723      113.848       66.312
      899        1.653        5.408            0      480.079       84.954       63.284
      900        1.711        5.359            0      473.691       81.676       67.753
      901        1.697        5.385            0      483.570      125.537       71.653
      902        1.707        5.453            0      479.435      110.208       71.326
      903        1.652        5.375            0      470.308      114.703       68.075
      904        1.731        5.307            0      478.222       95.679       71.410
      905        1.795        5.375            0      479.363       75.308       65.886
      906        1.787        5.325            0      476.446       80.903       65.599
      907        1.604        5.337            0      479.360      102.912       74.877
      908        1.675        5.435            0      474.664      113.128       67.791
      909        1.638        5.358            0      473.450       85.774       74.685
      910        1.656        5.313            0      482.745       83.255       70.142
      911        1.600        5.311            0      475.172       69.107       65.378
      912        1.741        5.238            0      470.605       99.035       66.641
      913        1.713        5.259            0      462.525       74.279       72.970
      914        1.527        5.236            0      474.463       67.008       66.608
      915        1.656        5.392            0      481.132       72.646       71.266
      916        1.491        5.335            0      475.399       98.219       70.614
      917        1.906        5.210            0      471.224      102.089       65.564
      918        1.729        5.193            0      467.041       85.199       66.832
      919        1.681        5.253            0      477.156       90.853       65.945
      920        1.645        5.402            0      482.104       90.572       68.045
      921        1.702        5.271            0      475.924       81.199       69.076
      922        1.675        5.371            0      475.474      101.304       69.064
      923        1.482        5.352            0      475.855       99.251       71.335
      924        1.745        5.321            0      478.207       90.816       65.757
      925        1.583        5.461            0      481.321       82.958       68.998
      926        1.756        5.413            0      480.148       85.713       67.587
      927        1.698        5.337            0      477.286       80.256       68.268
      928        1.769        5.361            0      480.633       94.500       68.247
      929        1.882        5.280            0      468.018       96.447       64.024
      930        1.633        5.390            0      483.728       91.246       69.034
      931        1.716        5.368            0      482.988       86.388       67.169
      932        1.583        5.391            0      476.280       87.349       68.068
      933        1.638        5.285            0      474.519       73.873       70.366
      934        1.496        5.514            0      484.635       91.905       67.031
      935        1.659        5.429            0      474.856      102.047       67.203
      936        1.587        5.437            0      478.624       91.775       67.276
      937        1.595        5.390            0      484.859      106.515       70.217
      938        1.654        5.368            0      475.732       87.952       65.220
      939        1.748        5.304            0      477.053       99.357       65.890
      940        1.792        5.426            0      482.356       68.274       66.889
      941        1.663        5.287            0      477.483       80.762       66.587
      942        1.681        5.313            0      477.563       83.199       66.484
      943        1.675        5.332            0      475.158       84.684       68.847
      944        1.716        5.359            0      476.506       91.156       66.776
      945        1.575        5.401            0      486.023      105.357       70.285
      946        1.680        5.354            0      478.808       88.348       66.444
      947        1.776        5.281            0      474.468       71.970       69.132
      948        1.534        5.312            0      475.757       73.753       69.548
      949        1.582        5.287            0      472.865       72.891       66.523
      950        1.644        5.273            0      473.900       69.766       68.001
      951        1.660        5.355            0      477.540      100.211       73.822
      952        1.777        5.416            0      479.809       86.025       69.733
      953        1.898        5.396            0      472.683       80.684       71.357
      954        1.651        5.508            0      476.355       94.734       76.061
      955        1.678        5.322            0      485.194       84.535       65.479
      956        1.472        5.370            0      478.604       95.824       65.695
      957        1.809        5.552            0      487.054      104.969       66.331
      958        1.671        5.499            0      478.432       89.796       69.380
      959        1.683        5.384            0      477.008       90.861       68.414
      960        1.779        5.383            0      474.330       74.762       71.300
      961        1.719        5.513            0      476.652       90.374       71.139
      962        1.629        5.408            0      478.855       68.700       66.495
      963        1.621        5.468            0      477.414       76.429       69.501
      964        1.627        5.395            0      479.979       88.905       68.449
      965        1.706        5.319            0      479.059       76.279       66.189
      966        1.871        5.359            0      479.155       96.795       67.569
      967        1.535        5.424            0      475.403       91.160       69.372
      968        1.707        5.510            0      481.432       83.349       65.341
      969        1.756        5.425            0      477.177       81.394       66.274
      970        1.648        5.453            0      477.609       96.034       65.503
      971        1.754        5.391            0      485.477       80.637       67.144
      972        1.759        5.432            0      481.850       86.708       69.958
      973        1.719        5.500            0      482.424       82.328       64.472
      974        1.849        5.416            0      474.929       80.809       63.996
      975        1.843        5.374            0      477.242       93.015       66.501
      976        1.759        5.356            0      473.116       83.294       65.479
      977        1.765        5.398            0      476.366       78.153       70.990
      978        1.794        5.327            0      476.392       75.124       64.695
      979        1.634        5.398            0      477.219       73.276       68.815
      980        1.730        5.286            0      472.563       64.302       67.088
      981        1.806        5.425            0      477.154       74.547       71.114
      982        1.823        5.366            0      483.124       64.616       67.269
      983        1.825        5.373            0      472.003       68.468       64.486
      984        1.766        5.317            0      483.470       77.410       69.366
      985        1.718        5.317            0      481.808       74.481       69.249
      986        1.763        5.275            0      473.045       68.256       71.193
      987        1.658        5.366            0      478.099       97.470       74.197
      988        1.705        5.329            0      475.561       76.897       70.335
      989        1.688        5.320            0      479.645       77.672       63.310
      990        1.699        5.405            0      480.492       85.077       65.804
      991        1.808        5.274            0      475.903       64.541       70.894
      992        1.646        5.280            0      476.996       71.339       69.713
      993        1.619        5.502            0      478.038       91.226       69.590
      994        1.657        5.231            0      476.125       62.178       68.253
      995        1.713        5.248            0      468.646       87.138       69.480
      996        1.811        5.504            0      477.521       76.827       64.780
      997        1.632        5.421            0      476.396       64.812       65.557
      998        1.565        5.457            0      484.414       94.907       66.340
      999        1.298        5.685            0      482.310       74.812       72.964
     1000        1.672        5.469            0      475.865       81.507       65.407
