## Torsion are defined with the following atomIDs:
# dihed1: ai= 21 aj= 20 ak= 19 al= 15
# dihed2: ai= 20 aj= 19 ak= 15 al= 16
# dihed3: ai= 14 aj= 13 ak= 11 al= 1
# dihed4: ai= 13 aj= 11 ak= 1 al= 2
# dihed5: ai= 6 aj= 5 ak= 28 al= 29
# dihed6: ai= 10 aj= 9 ak= 30 al= 36
# dihed7: ai= 18 aj= 17 ak= 25 al= 26
# dihed8: ai= 17 aj= 25 ak= 26 al= 27
# dihed9: ai= 15 aj= 16 ak= 22 al= 23
# dihed10: ai= 16 aj= 22 ak= 23 al= 24
# Frame#   dihed1   dihed2   dihed3   dihed4   dihed5   dihed6   dihed7   dihed8   dihed9  dihed10
0 -170.725  177.051  -93.929   80.519 -161.707 -143.311 -178.805   91.332  -39.382 -137.714
1  145.368   40.278 -111.693   44.674  -35.887  157.639   -2.518 -170.245   99.878  -59.855
2  154.336   34.050 -121.196   43.479 -168.077 -151.998   39.648  173.972  116.568  116.581
3 -163.223  -12.183 -138.870   45.996 -130.528 -169.558   57.421 -173.001  127.250  152.912
4 -172.812   -4.091 -135.930   47.181  167.303 -144.641    1.760 -179.475  108.198  143.761
5  171.742    7.245 -131.776   58.356 -174.565  162.623   10.649  157.031  113.374  143.834
6  170.188    4.426 -131.083   45.288 -170.393 -156.560   18.137  158.788  120.494  157.488
7  169.275   28.588 -131.080   39.638 -169.906 -162.205  -18.459 -170.939   96.029  140.562
8 -178.550   21.159 -135.865   55.518 -162.432 -156.653   47.334  156.810  105.491  140.406
9 -178.184  -99.380 -130.293   50.944 -158.383 -139.396    7.254 -179.932  109.277  148.737
10 -103.916 -128.875 -178.603  104.244 -176.868 -157.656  115.266  121.381   57.887  148.680
11 -154.327 -167.404 -114.740   40.206 -171.711 -162.970   56.195  155.163   83.899  148.827
12  178.060 -138.347 -137.391   49.707 -171.769 -151.425  123.860  136.682   81.367 -178.713
13  176.794   16.629 -118.897   23.983 -179.885 -147.414   40.160  177.136  111.897 -106.145
14  154.120   77.173 -127.503   49.239  -35.607  150.539  136.548 -157.772  104.112  -71.656
15  165.364   26.853 -128.229   43.182  -65.394  147.481   93.275  166.419  111.201  -72.341
16  166.626   27.574 -144.360   62.355  -69.444  134.002  149.944 -144.020   78.334 -178.395
17 -179.932   18.410 -146.192   51.638 -117.857  145.725   88.486  171.895  113.409  -71.615
18 -177.970    8.886 -150.467   53.991  175.333  165.320  108.341  161.637  109.987  -70.726
19  168.997   69.833 -134.363   51.544 -154.472  139.279  136.494 -147.447   83.554  -72.695
20  175.360   10.183 -150.287   52.237 -155.584  133.387   53.202  160.757  133.723 -144.825
21  158.349   71.243 -133.876   49.447 -171.631  136.563  109.940  110.465   96.621 -153.448
22  178.467   37.983 -131.090   42.056  168.179  141.851  113.410 -155.311  112.573  -79.400
23  172.034   41.566 -149.704   47.621  -33.546  143.955   45.375  151.679  126.807  -75.036
24  166.349   17.042 -160.205   66.072 -173.172  156.890   49.828  163.873   99.114  135.244
25  176.469    4.442 -153.467   70.608  179.383  147.744   68.460  154.027  105.848  172.580
26  168.722   54.414 -144.165   57.622  177.592  142.611   80.868  151.877  133.956  -92.060
27  143.365   27.733 -138.839   49.908  178.642  163.318   44.560  175.615  110.155 -124.296
28  162.503   49.567 -151.081   62.462 -170.768  148.263   72.800  157.563  112.007  -80.552
29  156.420   60.699 -135.724   53.362 -173.205  168.376   30.746  166.748  134.179 -143.829
30 -177.435   -0.068 -165.093   61.540 -165.939  156.236   49.469  160.815  108.895  155.016
31  179.468  154.072 -149.367   60.588 -158.861  148.037   64.254  159.740  116.379  -74.821
32  156.662   56.592 -141.973   45.786 -171.137  136.502   16.183 -174.597   80.575 -148.437
33 -153.505  165.167 -156.381   76.133 -177.207  132.478  122.272  -94.382   74.760  158.775
34  167.901   29.632 -154.584   59.601 -157.313  142.612   68.267  159.333   96.729  135.229
35  170.135   36.086 -159.236   54.839 -177.390 -141.336   67.919  112.611  129.140 -151.508
36  156.739   79.454 -142.557   59.143 -164.431 -158.092   18.935  171.912  108.564  -75.785
37  152.350   57.929 -141.643   50.057 -150.495  160.132   19.263  178.888  113.504  151.699
38 -126.671  123.621 -140.466   57.531  175.884  169.290   28.278 -167.851  117.112 -103.320
39 -163.184  138.680 -137.418   61.818 -141.438 -149.207  -45.319 -167.066   72.630  168.724
40  149.676   53.275 -149.493   62.126 -150.738 -138.109   38.468  163.038  121.532  -56.843
41  167.691   88.205 -121.921   53.611 -162.682 -142.482   32.075  169.098   39.710  156.112
42  154.176   50.931 -130.196   44.200 -172.574 -153.080   24.603  173.129  123.236 -118.759
43  154.857   38.192 -131.651   63.119 -140.327  152.431   19.832  171.489  119.278 -103.218
44  171.359    4.640 -131.653   50.380 -133.899  147.248    8.639 -167.174  119.560  -72.725
45  153.450   48.362 -121.373   49.211  165.780 -140.298   42.961  160.794  125.274 -100.069
46  160.551   50.100 -119.909   37.322 -179.409 -150.904   -9.071 -172.057   61.080  122.097
47  148.914   62.916 -123.273   39.238 -177.599 -146.231   11.166  173.219  123.530 -106.485
48  169.211   55.976 -116.388   38.783 -175.576 -162.983   44.237  159.018  117.679 -125.480
49  160.779   31.394 -121.249   43.919 -167.722 -171.615    2.121 -174.759  121.349  -53.604
50  150.100   28.652 -123.474   39.241 -171.106 -142.792   14.191  173.854  111.229  -79.938
51  175.080    2.065 -127.880   40.637  177.288 -154.357   15.774  155.461  127.524  -55.769
52  157.555   39.768 -124.711   52.421 -175.972 -153.163   11.766  176.809  114.936  -92.145
53  170.307   17.773 -118.273   36.011 -176.271 -148.221   31.076  172.448  110.860  -70.877
54  161.574   22.116 -127.021   53.690 -178.631 -155.142   19.786  173.561  120.533  -70.599
55  154.253   58.551 -107.130   28.692 -165.992 -147.586   18.888  175.818   64.781   43.634
56  172.387   29.342 -120.079   46.489 -170.957 -133.733  113.892 -167.765  113.090  -70.952
57  142.911   37.256 -122.118   48.370 -170.441 -161.080   27.394  179.177  106.090  -83.618
58  160.058   81.016 -116.706   48.730 -149.856  173.954   26.220  169.572   61.035  138.123
59  177.161    3.899 -123.542   30.494  169.046 -163.306   46.170  172.714  123.724 -102.566
60  156.139   29.757 -125.367   45.022 -158.017 -147.080   26.690 -176.799  115.424 -169.351
61 -176.597    2.670 -131.841   41.770 -163.516 -144.586   66.294  148.712  124.215 -118.311
62  152.861   51.299 -126.356   50.987 -171.480 -159.269   74.462 -161.660   66.998  138.195
63  148.358   52.653 -106.818   30.022  171.059 -144.481   -1.144 -173.343  108.545  -78.519
64  171.078   64.284 -139.007   55.335 -162.406  132.745   32.191  161.197   58.025  127.238
65  177.653   52.793 -130.542   47.923 -157.942  151.071   45.548  168.968  102.029  139.925
66  179.775  153.489 -130.172   51.373 -174.693  152.404   47.324  165.780  126.853  -75.312
67  151.677   19.711 -138.725   55.519 -174.582  139.100   16.379 -172.317  111.690  -54.488
68 -164.653  159.487 -128.083   42.942  171.686  153.598   43.827  163.203  136.767  -49.379
69  147.619   25.823 -123.069   42.318 -156.123  141.571    6.154 -177.866  111.356  -93.112
70  179.129  177.264 -133.811   50.275 -154.154  134.306   43.513  159.014  126.942  -68.885
71  154.556   63.000 -116.186   28.559 -145.494  146.491   22.144  146.975  115.106  -72.231
72 -173.688   -6.007 -125.227   31.301 -176.997  157.202   92.924  166.728  108.211  -75.259
73  130.795   76.110 -123.095   43.643 -159.370  159.913   -7.542  179.266  118.966 -107.240
74  156.155   49.052 -120.633   37.323 -151.673  138.920   12.728  164.417  120.584 -123.337
75  179.301   27.373 -139.691   41.909 -152.315  163.942   26.893  169.421  128.116  -83.325
76  169.949   10.917 -126.813   35.515 -168.967  136.245   23.637  167.648  129.353 -104.982
77  174.287 -166.506 -126.408   36.602  160.123  153.581   12.688 -171.427   66.383   75.684
78  165.149   63.621 -129.272   48.938 -169.009  139.055   22.839 -167.686  101.416  -68.537
79 -160.038  149.727 -121.143   40.565 -170.564  119.732   34.424  165.394  129.084  -73.368
80  171.033   62.179 -118.246   49.845 -146.157  120.665   35.053  174.342   97.953 -100.190
81  172.676   63.181 -137.695   41.143 -164.201  141.421   29.688  164.966  128.296  -74.966
82 -158.693  144.350 -129.775   54.000  162.385  134.723   -6.718  175.935  109.482  -80.282
83 -175.259   80.607 -122.359   42.306 -144.635  164.882   21.035  160.102   70.838   80.454
84  145.326   26.284 -134.828   40.810 -159.535  138.045   60.439  170.225  128.834  -74.095
85  164.063   23.435 -123.814   40.193  -28.738  153.809   48.823 -178.433  120.272  -85.108
86  176.598   75.905 -134.536   46.935 -168.565  147.679   57.078  164.051   53.597  134.875
87 -168.431  112.820 -124.574   44.923 -155.346  160.880   28.063  164.525  114.718  -90.785
88 -149.598  150.215 -135.841   53.243 -157.604  138.532   39.282  160.420  111.889  -81.251
89  169.631   49.894 -125.202   39.308  164.986  135.246   21.743  169.273   98.265  -77.362
90 -115.446  148.483 -123.942   45.614 -165.365  159.108   23.456  171.709  113.257  -88.633
91  169.019   21.624 -133.054   26.413 -133.668  155.014   40.614  175.041  110.830  130.342
92 -168.093 -169.522 -146.055   50.826 -157.107  140.267   29.897  164.482  144.201  -67.778
93  170.506   48.693 -132.341   61.315 -140.341  144.028    6.331 -174.912  106.343  -69.136
94 -175.346   59.625 -126.494   43.816 -170.505  156.109  127.301 -175.643  105.664  -65.153
95 -176.443  142.939 -136.465   50.860 -126.834  139.309   40.261  153.865  129.759  -50.339
96 -153.992  153.071 -137.597   62.745 -115.632  164.051   30.357  158.329  125.995  -55.090
97  167.937   62.962 -146.816   60.930 -161.797  149.774  122.216  140.825   59.293   68.849
98 -179.399  172.419 -130.692   38.748  170.458  152.793    2.212   66.279  105.075  -65.675
99 -166.222  152.287 -128.712   58.991 -159.880  146.792  -13.368   80.865  124.420  -80.150
100  168.621 -159.197 -152.292   42.827 -156.874  123.218  118.044  -57.886  129.740  -77.852
101  160.179   34.551 -132.256   45.952 -172.436  152.605   43.251  162.450  133.317  -91.951
102  167.918   38.493 -125.342   49.272 -140.821  137.045   43.303  165.459  101.975 -150.809
103  167.673   61.269 -138.597   50.578 -155.131  147.842    2.981 -171.103  129.096  -78.920
104  142.117   56.183 -122.020   45.360 -178.874 -155.610   32.423  161.772  108.337  -81.858
105  158.280   22.839 -118.371   35.189 -174.092 -150.825   30.509   69.609  130.762  -61.082
106  171.723   11.833 -129.856   50.203 -131.463  148.004   30.103  174.346  107.256  -85.450
107  152.983   28.187 -133.714   43.169  175.769  163.923   13.629  163.614  111.846  -72.412
108 -161.640  172.614 -123.592   44.442 -158.514 -143.423   45.010  166.785  111.007  -50.525
109  166.087   67.633 -142.245   65.439  169.303  146.378   20.990  176.497  107.055  -95.548
110  174.996   70.556 -138.900   48.082 -133.452  144.128   74.434  133.630   73.756  146.722
111  159.091   46.306 -140.691   56.526 -177.742  171.738   93.321 -102.114   97.332  114.861
112  152.618   27.260 -135.294   59.533 -147.275  167.259   24.481  162.873  120.584  -57.057
113  150.928   48.877 -145.533   70.386 -133.322  143.749   16.709  153.466  115.426  -75.795
114  151.317   49.050 -120.223   42.748 -146.448  153.851   20.296 -170.396  100.737  -67.149
115  142.790   57.389 -140.318   43.277  150.169  143.245  117.234  179.777   97.832  117.821
116  163.119   29.837 -125.276   51.361 -157.975  153.131   41.706  165.405  125.695 -134.614
117  149.261   56.633 -135.806   57.149 -158.675  140.503  151.919  176.559  113.705  -74.661
118  151.340   54.202 -135.659   55.854 -174.955  139.992    3.233   85.246   67.401   70.046
119  156.346   43.735 -131.758   75.674 -174.756  131.925   40.625  173.741  109.683 -100.476
120  160.173   47.717 -140.112   51.756 -161.123  129.301  127.284 -148.273  110.809  -80.140
121  164.545   22.741 -138.525   49.600 -175.368  150.332   43.649  168.233  134.944  -91.515
122  155.372   55.666 -144.538   63.926 -178.166  140.336  102.755  138.387  115.175  -45.420
123 -175.682   53.461 -133.374   56.584 -163.967  146.369   17.939  178.907  129.620  -71.086
124  147.256   47.766 -115.225   47.117  169.360  147.621   34.559 -175.447   98.034  -87.198
125  162.270   14.604 -131.177   56.839  172.406  148.916   34.868  149.227  106.449  -86.125
126  179.588    7.897 -136.376   58.181 -137.246  148.196   68.065  166.295   89.419   72.573
127  158.869   62.433 -136.430   50.661  165.441  160.884    0.678  179.750  118.035  -30.264
128  160.536   45.622 -137.928   49.703 -146.787  138.473   39.361  159.784  124.589  -95.517
129  161.519   72.703 -125.080   54.187 -179.869  148.603   29.076  145.345  107.834  -76.164
130  147.006   31.661 -132.737   62.486 -172.765  170.235   27.038 -179.493  111.251  -57.142
131  160.515   40.372 -128.275   59.637  173.935  151.164   27.756  161.220  112.140  -53.711
132  164.321   28.167 -130.403   53.621  175.121 -149.272   59.089  170.821   92.421   88.698
133  169.152   25.700 -131.964   48.072  174.632  139.964   25.073  165.278  112.257  -77.330
134  167.581   60.398 -127.555   58.664  151.947  148.430   70.984  146.557  118.760  -73.730
135  161.316   45.010 -118.792   50.155  161.124 -130.626   42.118  166.965  127.548  -50.484
136 -124.439  149.613 -133.211   60.320  170.018  145.315    5.317  167.337  111.141  -66.692
137  154.254   19.383 -119.414   47.255  177.327 -139.354   14.749  155.877  111.807  -94.210
138  171.000    2.966 -130.900   61.943 -146.008  114.464   48.581  160.014  122.770  -57.638
139  156.270   57.095 -126.199   52.728  178.510  135.397   10.128 -178.432  130.365  -88.638
140 -156.388  -13.350 -149.195   58.393 -172.821 -137.565   84.271  152.149  126.905  -48.664
141  155.736   41.899 -125.902   43.265 -179.397 -132.763   61.831  154.946  118.407 -107.900
142 -156.079   -9.366 -139.303   62.666  174.994 -137.954  121.058 -112.743  123.719  -61.869
143  153.596   25.666 -126.322   62.346  172.977 -138.690   40.509  166.392  114.756 -144.238
144  168.636   20.474 -131.453   51.457 -151.593  -28.153   31.876  167.536  115.509  -80.927
145  154.256   13.935 -142.309   51.125  168.297  -40.383   91.161  166.982  115.691  -86.266
146  158.823   65.725 -127.818   53.686  174.064  -37.130   37.200  171.888  102.456  -80.682
147  167.418   15.873 -130.500   60.583  177.874  -32.653   30.480  163.558  116.072  -59.802
148 -158.408  123.742 -129.544   56.022  177.019  -24.447  122.113  164.006  115.306  -62.011
149  160.920   61.483 -134.391   51.689 -159.498  154.206  127.605 -152.796   96.246   82.998
150  159.748   32.069 -121.128   41.984 -157.116 -145.196  155.472 -167.801   63.984   82.526
151  152.574   41.177 -115.259   39.949 -165.264  158.929   19.295  168.489  117.979  -95.504
152  177.057  175.832 -144.048   48.660  162.592 -157.182  127.883  -57.831   81.581  116.542
153  152.893   22.508 -136.875   48.747 -177.099  118.272   48.818  179.579  124.073  -87.908
154  162.461   59.699 -136.017   56.713 -156.337  138.970   19.814  176.070  126.003  -82.122
155  137.342   42.945 -117.575   44.179 -175.253  138.748   29.104  175.826  113.563  -86.695
156  166.239   39.443 -132.547   63.647 -168.758  153.122   27.232  163.720  134.067  122.759
157  154.448   57.137 -137.367   58.013 -163.100  127.562   83.969  170.508  120.698  -55.522
158  170.971   67.335 -131.765   57.935 -174.511 -144.045    5.298  169.890  123.178  -93.858
159  156.559   57.603 -125.129   49.831  171.696 -148.001   33.364  147.243  117.809  -69.312
160  156.362   39.884 -131.389   53.507  168.535  116.879   41.076  152.243  129.021  -62.885
161  169.974   58.440 -126.442   54.040 -176.813 -156.725  137.717 -152.174   98.983  -72.444
162  165.752   51.878 -140.203   69.065  179.671 -152.802  116.748  148.705  111.506  -81.626
163  173.511   10.070 -146.186   64.363 -176.482  165.336  102.788  157.844  122.388  -56.035
164  167.668   45.997 -125.662   53.563  160.187  135.784  108.951  157.447  115.388  -78.788
165  165.801   13.293 -159.077   50.450  173.044  146.097   98.121  -89.433  122.832  -82.098
166  168.434   70.006 -134.882   52.872  161.130  142.123  110.502  -74.944  120.255  -75.657
167  153.638   62.008 -121.206   50.814 -173.910  141.226  120.761  144.324  104.104  -77.533
168  171.241   31.183 -139.218   58.411  169.749  127.144   58.259  166.855  118.312  -48.311
169  171.243   35.175 -145.827   63.471  161.444  140.439   95.229  -76.614   95.085   99.391
170  169.135   12.697 -140.767   62.607 -174.466  128.682  127.882  151.739  117.611 -108.665
171 -179.855   -2.162 -141.568   62.321  176.579  136.882   25.541 -167.665  117.858  -76.054
172  174.981   27.300 -141.094   46.957  161.853  139.040   86.493  132.362  125.279  -67.841
173  174.675   39.351 -131.177   49.416 -161.113  144.058   41.299  159.102  115.986  -37.393
174  172.256   39.282 -131.611   54.423 -170.859  124.273   15.936  170.809  114.553  -87.635
175  166.592   32.514 -132.913   51.631 -156.146  159.875   33.876  164.002   89.192  112.941
176  174.066    0.450 -152.648   54.342  170.599  138.477   27.921   74.530  145.293  -59.002
177  165.374    3.064 -148.916   51.668  176.263  135.034   53.993  154.340  127.465  -65.377
178  176.174    6.570 -133.356   51.645 -166.834  145.731  107.773  -76.521  102.165  123.509
179  170.984   23.415 -138.839   38.894 -166.641  143.440   31.650  168.408  129.445  -48.052
180  142.949   47.742 -142.322   66.103 -158.409  133.664  108.339  145.621  118.882  -78.039
181  176.749   22.744 -158.060   56.467 -179.866  136.976  103.784  -83.556  126.971  -77.363
182 -174.233    8.351 -141.344   51.625 -171.863  145.682   33.687  154.154  129.057  -85.858
183  164.797   68.637 -125.538   40.528  175.676  131.074  115.347  143.858  115.474  -79.333
184  151.948   34.015 -146.854   57.270  178.507  147.229   49.890  160.937   72.104  132.813
185  165.254    4.427 -150.281   57.926 -177.086  137.256   63.236  117.414  118.291  -65.851
186  149.388   41.407 -131.287   57.863  168.368  140.831   20.179  156.074  114.196  -96.306
187  174.677   37.113 -136.982   60.567  167.266   41.298   32.097  170.555  103.089  -63.423
188  156.370   34.755 -129.500   48.384  156.663   10.984   71.365  163.766   80.373  134.009
189  153.423   84.241 -132.628   56.548 -160.301  -36.359   70.925  152.146  117.223 -111.482
190  153.971   28.056 -138.352   49.000 -179.017  -38.027  110.742  161.947  123.409 -154.630
191  169.545   35.378 -120.599   51.668 -177.551  133.651   -0.633 -175.220  102.730  -61.857
192  151.207   29.304 -129.908   57.935 -161.821  160.714   35.706  163.720  102.213  -55.937
193  163.830   28.689 -141.068   59.195  172.921  156.426   48.218  167.404   83.773   53.679
194  171.309   58.197 -132.893   53.302 -172.854  127.687  163.475 -158.015   63.165   53.312
195  176.887    8.572 -133.795   57.433 -165.505  141.423  116.440  157.093  119.550  -91.517
196  149.560   51.335 -125.055   47.290  172.876  127.767   25.189  154.544   79.551   61.829
197  177.914   34.749 -127.056   42.797 -168.565  145.709   84.313  153.890  109.446  -76.127
198  173.627   66.022 -145.366   55.947  170.763  173.758  113.182  175.471  125.914 -130.305
199  143.864   75.942 -122.382   56.395  179.514 -143.665  132.919 -159.596  108.627  -65.977
200  164.183   19.260 -132.311   45.536 -173.834  128.010  102.333  173.354  128.134  -70.155
201  171.579    5.050 -136.208   51.168 -152.619 -145.945  100.980  164.733  148.056  -63.845
202  167.427   36.427 -136.734   56.739 -154.720  142.444   14.222  178.944  123.018  -78.637
203  169.390   46.972 -134.836   47.448 -153.652  140.407  115.255  177.422  132.521  -85.272
204  166.238   26.406 -128.207   55.417 -163.139  139.998   18.945  168.964  113.451  153.785
205  161.127   75.099 -122.185   48.974 -166.869  112.414   81.471  125.106   98.186  -87.866
206 -177.662   30.456 -128.777   72.032 -128.759  128.245  122.947  124.010  110.300  -71.655
207  167.267   43.998 -140.075   59.460 -168.384  149.782  116.552  137.142  106.322 -161.487
208  134.650   57.579 -126.091   56.934  178.183  144.060  134.979 -146.911  105.695  -73.192
209  161.921   29.832 -143.483   61.175 -172.807 -169.110  113.437  146.609  118.987  -59.656
210  172.684   16.207 -146.916   55.214  173.775  141.812   95.200  142.492  137.318  -82.928
211  159.888   33.025 -125.492   50.652  173.595  113.986  137.134 -147.685   82.450  120.581
212 -177.356   30.042 -132.187   44.676 -157.338  145.657   45.007  145.719  127.948  -86.756
213  178.322    9.576 -138.964   48.271 -167.957  127.449  104.424  168.958  131.298  -93.892
214  172.793   17.505 -136.914   57.261 -165.633  122.112  121.371  153.295  116.572  -74.846
215  171.729   36.113 -140.716   58.941  166.062  152.770  134.062  136.157   99.703  -82.257
216  154.476   54.357 -132.193   53.520  172.297  146.232  165.714 -156.248   72.439   61.617
217 -178.256   23.229 -126.313   49.292 -149.437  142.889   30.236  155.966  117.204  -81.223
218  163.586   51.777 -142.290   68.025 -168.547  151.391  127.920  175.432  112.557  -54.312
219  163.879   28.486 -125.621   59.696 -168.771  153.077  107.725  130.756   70.533 -178.978
220  166.741   59.180 -134.266   55.087 -159.699  130.935  133.143 -144.120   63.884   76.163
221  162.546   41.700 -127.738   46.592 -167.167  -37.665  121.814  125.442  101.857 -115.373
222  167.217   52.377 -147.387   65.666 -140.269  -34.037  117.459  133.768  119.536  -70.167
223  170.087   20.402 -136.108   58.839 -157.661  -26.606  130.923 -154.823  118.380  -67.345
224  169.626   22.362 -136.405   62.858 -155.722  -48.301  126.898  128.683  124.912  -81.278
225  168.474   26.601 -134.466   53.485 -159.200  -34.891   66.570  173.857   86.698  140.624
226  150.365   58.166 -117.309   55.494 -170.325  -49.261   44.439  170.050  109.856  -59.818
227  157.613   54.600 -129.815   57.386  177.892  -36.926  143.174 -149.847   76.933   84.648
228  142.614   64.570 -138.764   49.702 -136.674  -53.643  114.740 -179.152  118.494 -145.440
229  152.243    5.490 -142.530   53.357 -170.029  -45.085  130.574  -67.977  132.242  -84.457
230 -177.713   32.127 -125.788   47.376 -171.885  -36.837  127.438 -173.212  108.401 -105.360
231  166.507   30.281 -135.563   47.100  171.152  -32.570   77.772  149.385  130.159 -126.745
232  151.808   12.535 -131.986   54.262 -167.349  -30.200   29.016  172.752  120.672  121.951
233 -167.909  126.929 -131.575   47.512  174.777  -19.498  162.515 -151.421   65.304   66.657
234  149.694   72.959 -137.123   65.793 -177.843  -31.361  121.042  159.171  124.408 -122.427
235  174.051   38.118 -134.495   46.810  160.571  -34.192  110.423  127.453   75.797   58.940
236 -178.726   97.927 -124.611   48.514 -174.719  -32.951  103.976  119.159  127.363  -88.405
237  147.441   32.450 -145.965   54.955 -150.733  -41.668  164.169 -143.613  105.906  163.324
238  174.505   67.470 -128.558   52.744  163.118  -66.720   65.145  140.724  117.499  -71.121
239  162.704   38.835 -141.749   57.053  175.084  -46.296  137.382 -137.146  111.650  -70.346
240  173.548   15.570 -133.206   51.529  177.734  -29.628  151.241 -152.632   68.109  105.129
241  139.045   41.327 -129.432   48.694 -170.774  -18.963   40.502  177.724  132.574  -67.788
242  169.480   27.580 -132.431   58.723 -166.270  -34.215  117.787  158.869  119.786  -71.702
243  162.768   45.568 -131.451   55.514  177.787  -47.073   37.036  158.581   77.714  124.213
244  166.056   44.663 -128.993   47.201 -177.746  -35.718   42.875  169.226  119.331  -95.209
245  114.112   66.035 -131.438   55.715 -147.739  -23.283   14.752  178.963  101.374  -89.296
246  169.373   12.948 -149.845   74.127 -152.251  -54.576   79.762  137.292  130.149  -78.326
247  150.480   37.596 -128.944   48.426  166.570  -61.776  115.159 -138.958  128.184  -82.627
248  165.699   51.703 -131.962   60.494 -165.804  -33.730   52.106  157.714  111.392  -72.015
249  155.681   79.732 -134.568   67.992 -173.782   -1.378  138.966  128.130   99.622  -80.121
250  174.963   21.480 -123.504   52.033 -178.055  -19.026  147.147 -161.038  111.813  -87.558
251  173.694   17.612 -126.726   43.329 -176.850   -0.229   43.828  158.958  106.409  -83.357
252  170.805   16.049 -140.178   51.546 -152.312  -24.718  110.598  151.653  119.294  -71.561
253  158.881   57.521 -130.855   53.616  160.177  -46.887  112.489  152.920  106.571  -98.743
254  164.918   28.920 -140.224   53.311 -163.664  -42.649   20.377  177.365  112.151  -98.289
255 -152.246   48.849 -129.943   54.608 -167.324  -41.987  163.733 -153.827   40.450   75.073
256  163.630   52.425 -130.270   51.822 -153.754  -47.494   56.118  160.040  128.682 -145.838
257  156.114    2.659 -144.507   55.496 -170.143  -57.948  122.626 -156.283  125.455  -66.749
258  174.811   33.818 -128.353   52.947 -168.425  133.475  127.539  136.219  114.675  -75.320
259 -171.396  -27.883 -141.637   62.216 -164.307  149.279  111.710  156.855  126.115  -66.580
260  164.768   35.146 -129.931   49.617 -154.058  133.212  134.725  136.145   94.127 -171.103
261  159.097   44.294 -126.754   53.004 -169.819  144.898  124.717  156.374  107.314 -120.393
262  164.895   45.357 -131.329   63.385 -170.308  149.454  119.046  126.270  115.147  -86.194
263  164.907   56.386 -116.961   47.267 -170.221  157.682  144.353 -173.278  106.979  -85.082
264  172.482   30.115 -126.406   49.870 -143.538  163.535   59.763  156.380  117.018  -51.571
265 -179.621    3.275 -138.057   45.365 -156.865  142.628  108.056  155.210  124.398  -79.182
266  172.761    9.508 -134.999   45.764 -158.327  148.213  100.341  158.071  131.353  -92.767
267  176.641   14.607 -127.328   44.407 -156.933  148.970    2.218  177.772  110.302  -91.021
268  175.749   59.776 -124.010   49.316 -162.757  131.429  117.928  177.903  114.878 -100.794
269  158.054   15.571 -130.396   52.975 -149.786  120.256  106.529  128.094  120.544  -57.334
270 -179.324    4.398 -136.687   64.207 -151.321  -37.861  116.045  116.127  126.047  -63.107
271  160.355   42.766 -120.736   55.714 -161.359  -73.197   10.469  172.537   98.862  -73.121
272  141.683   36.927 -140.578   56.582 -146.913  -52.735   40.245  156.054  119.017 -106.736
273  169.264   39.422 -118.023   33.261  156.847  -42.095   35.514  155.952  124.007  -68.047
274  158.439   36.498 -129.700   53.650 -159.764  -23.298  120.828 -113.619  128.946  -82.041
275  170.672   15.148 -141.098   50.985 -143.607  -48.912   10.591   72.646  125.545  -84.263
276  172.128   34.019 -121.611   59.110 -164.234  -23.951  122.910  179.590  117.529 -100.872
277  167.821   29.397 -124.375   49.238 -137.965  -25.974  149.360 -128.633   65.932   72.999
278  162.026   67.734 -143.463   58.257  174.254  -31.314   59.442  141.540   52.714  153.548
279  159.298   52.803 -128.609   55.331  162.593  -26.164   35.013  161.025  111.069  -95.490
280  171.987   43.403 -126.364   61.676 -164.593  -47.759   84.496  146.849   97.524  -92.966
281  164.937   21.214 -125.219   33.471 -178.542  -44.746   25.398   58.095  109.038 -175.678
282  160.739   58.441 -129.375   61.456 -171.452  -26.897  149.131 -159.333   99.459  -80.518
283  177.306   -6.306 -127.419   45.253 -159.242  -47.181  125.486  127.386  112.832  -80.964
284  153.967   41.827 -124.502   49.588 -171.502  -31.955    4.432  177.871  126.612 -102.444
285  178.783   12.603 -122.030   39.993  179.009  -62.262  111.276 -177.189  115.742  -72.501
286  161.950   49.825 -131.784   46.159 -163.315  -32.748  141.576 -158.608  112.946  -65.897
287  161.800   31.507 -118.328   33.040 -177.584  -55.416  132.030  173.713  108.114  -39.444
288  154.105   28.506 -124.729   47.657 -172.051  -55.782    1.481 -174.545  126.519  -83.912
289  161.896   31.726 -118.629   65.252 -140.916  -33.953   17.183  173.498  105.632  -87.394
290  162.008   27.037 -120.465   38.488 -179.821  -55.004  111.588 -115.691  129.526  -76.684
291  179.682    7.526 -137.957   56.258 -169.866  -32.690  132.291 -163.790  101.323  -74.110
292  169.748   33.516 -141.381   61.743  178.769  -29.623  139.047 -174.442  109.041  -86.264
293  162.670   33.302 -131.448   55.143  167.503  -21.990  126.887  154.285  119.628 -103.868
294  170.578   14.717 -139.892   62.299  178.413  -30.808   66.475  143.059  125.834  -99.831
295  148.566   46.053 -127.470   50.693 -163.109  -28.134   57.513  143.157  116.467 -112.260
296  174.412  127.576 -140.364   59.504 -177.767  -31.827   31.733  151.760  105.011  -74.356
297  156.173   30.915 -135.282   45.784 -165.269   30.192  130.562  -76.232  114.932  -62.539
298  142.751   47.839 -129.726   57.559 -159.854  -42.023  111.908  153.309   94.290 -161.450
299  145.248   36.478 -140.502   60.886 -134.050  -21.377  123.711  138.884  113.719  -82.119
300  162.023   21.758 -127.406   34.368 -161.923  -27.406   53.021  165.923  127.129 -113.425
301  167.431   69.121 -139.864   35.352  172.205   25.589   77.195  158.604  128.788  -81.575
302 -178.860    0.693 -154.760   61.539 -140.334  -19.060  137.890  161.264  114.720  -63.787
303  154.416   69.084 -123.719   58.569 -154.425  -30.386  117.501  113.614   52.738  171.543
304  161.914   36.195 -125.655   54.047 -146.726  -40.132    2.175  171.164  121.895  -88.603
305  164.415    9.756 -128.220   45.777 -157.349  -40.827  134.876 -151.973  103.975  -99.462
306  154.596   37.114 -129.422   42.083 -167.457  -38.749  103.506  141.516  108.136  -62.666
307  176.917    7.006 -137.894   48.250 -173.224  125.807  115.646 -167.650  119.418  -71.803
308  176.615   56.472 -136.238   41.880 -152.767  142.589  102.965  160.897  118.413 -109.091
309  147.644   57.206 -116.746   56.972 -156.677  144.136  128.903  128.198   66.162  163.937
310  152.585   32.365 -132.392   51.350 -164.171  140.099  117.872  139.485  119.056  -79.255
311  158.740   37.094 -127.829   41.796  171.644  141.475   61.220 -178.658   85.177   79.905
312  169.306   30.273 -134.487   46.233 -179.759  143.297   28.855  154.086  136.872  -90.870
313  167.377   39.324 -140.554   57.762 -119.648  148.322  121.908  144.085  122.150  -75.217
314  174.196   24.522 -140.892   44.383  178.754  158.390  117.301  167.344  130.473 -129.681
315  164.746   52.416 -134.135   62.551  164.470  156.471  115.207  132.508  101.480  -75.861
316  153.604   32.511 -139.861   52.100 -179.262  132.635  112.079  145.287  112.154  -73.691
317  158.217   45.006 -128.806   45.591 -145.951  121.138  122.963  172.566  106.577  -74.671
318  140.688   49.234 -116.851   54.585 -160.824  136.363   29.134  158.785  114.516  -82.970
319  176.607   25.596 -127.537   48.702  166.633  152.903   77.784  149.249  125.782  -65.611
320  176.597   29.231 -135.986   58.820 -156.991  143.903   95.259  128.675  130.972  -84.483
321  178.078   26.026 -125.382   46.456 -164.272  142.543  113.987  146.357  114.353  -51.941
322  163.025   43.939 -127.643   46.112 -159.927  134.189  137.927 -142.957  113.816  -89.701
323  163.988   59.983 -128.653   48.628 -175.137  150.809  109.257  146.476  113.593  -73.273
324  150.154   44.057 -126.718   45.908 -165.536  151.393   30.664  170.137  116.403  -92.935
325  167.818   18.231 -136.200   62.992 -169.905  145.672  159.581  168.512  115.957  -63.580
326  146.360   65.138 -120.371   42.620 -163.558  161.056  113.694  148.960   89.339  -48.154
327  175.951    6.584 -140.363   57.357  165.063  152.667   71.958  134.960  122.188  -75.868
328  173.763   10.668 -150.967   55.532 -170.281  140.714  114.695 -178.769  115.735  -62.512
329  152.134   29.753 -136.830   60.656 -177.135 -156.976   42.458  155.764  116.421 -150.866
330  168.013   14.658 -122.196   50.663 -165.527  130.233   27.112  166.703  119.578  -51.818
331  178.037   59.355 -139.237   60.521 -170.018 -158.733  164.484 -159.853   99.252  -84.342
332  139.202   40.353 -149.226   58.449 -172.127  153.528  130.070 -129.800  113.228  -84.040
333  163.487   48.302 -139.322   48.299 -155.057  121.025  135.035  170.231  113.821  -65.226
334  166.488   22.367 -141.770   65.002 -178.466  136.892   52.721  176.955  112.532  -77.321
335  144.626   29.384 -141.118   54.132  172.846  160.067  134.460 -159.337  125.563  -87.097
336  153.416   36.454 -133.590   54.861 -172.780  -56.187  115.153 -176.551  123.607 -103.367
337  161.774   58.192 -135.030   55.588 -153.319  -21.784   43.537  160.071  113.736  -76.116
338  155.674   29.995 -129.798   56.961 -169.868   -2.974  142.866 -148.502   67.518  141.526
339  156.730   35.353 -135.740   59.452  177.063  -25.655   32.498  157.017  110.808 -108.811
340  160.843   23.125 -125.345   39.659  179.428  -33.196   21.652 -161.151  106.525  -93.245
341  129.517   63.530 -139.044   47.634 -158.833  -20.520  136.586 -163.065  115.312  -82.096
342  169.127    6.020 -132.976   42.963 -153.661  -17.781   73.426  154.506  116.612  -73.072
343  164.485  106.625 -128.028   47.441 -157.251   -8.158  119.008  -75.352  119.353  -69.717
344  175.585    4.854 -146.640   56.626 -154.657  -33.279  120.266  142.672  108.796  -66.124
345  162.993   46.931 -128.196   55.055 -146.403  -35.073  106.946  151.089  124.069 -108.440
346  143.883   36.016 -134.407   53.600 -177.426  -46.720   46.479 -168.097  117.819 -101.201
347  163.652   18.204 -144.400   54.822 -161.890  -49.222   87.369  136.343  128.275  -67.848
348  151.501   39.358 -134.191   52.328 -142.403  -30.271  103.104  120.758  111.629  -79.959
349  154.049   38.276 -150.343   49.933 -158.405  -20.023  110.936  -51.357   97.302  130.404
350  149.324   65.348 -130.644   53.268 -138.526  -20.507   44.889  157.818   73.990   87.600
351  147.603   52.942 -128.488   42.766 -156.137  -29.386  101.257  131.245  102.615  -55.064
352  165.693   33.380 -129.105   33.374 -168.382   -9.468   78.908  145.576  116.070  -76.089
353 -167.772   11.142 -135.011   50.638 -170.729  -28.412  132.416  145.546  104.461  -81.568
354  154.706   58.886 -140.104   56.375 -157.204  -30.515  109.919  132.272  106.775  -72.815
355 -179.242   35.577 -154.417   55.023 -149.306  -59.486  103.354  163.515  131.457  -86.252
356  178.911   17.165 -127.221   51.192 -171.073  -19.264   75.441  157.344  114.688  -69.843
357 -162.684  -11.447 -136.851   47.645 -168.360  -35.653   70.410  158.456  109.307  137.405
358  166.307   59.525 -147.131   58.445 -128.136  -31.082  108.282  165.674  101.278  -77.800
359  171.581   49.265 -129.540   40.591 -160.545  -27.248  107.752  144.003  112.091  -87.493
360  171.631   41.248 -124.892   45.518 -170.621  -48.713  100.368  161.993  119.539 -113.143
361  167.987   51.014 -131.420   49.910 -164.390  -21.567  118.477 -174.923  105.347  -77.985
362  145.661   50.995 -137.029   46.126 -158.142  -29.164   24.163   78.159   74.246  110.322
363  171.734   26.931 -140.356   58.235  172.511   31.687   89.852  154.393  119.983  -73.462
364  178.177    4.028 -141.247   44.333 -172.131  -42.592  118.920  173.941  128.671  -79.422
365  172.835    8.501 -129.043   48.851 -144.170  -37.656  130.232  130.620  105.624  -74.286
366  167.834   29.713 -129.860   52.643 -142.177  -12.451  137.310  153.574  121.772  -71.561
367  145.958   43.388 -135.695   55.814  174.924  -30.519   47.529  166.909  134.656  -92.563
368  159.012   42.351 -133.337   58.495 -136.927  -48.055  129.516  179.844   77.298  162.445
369  156.672   29.814 -127.342   50.211  179.544  -29.772  155.481 -165.088  119.275 -111.916
370  143.183   26.235 -134.702   47.477 -136.995  -38.508  103.106  147.700   76.526  170.310
371  168.010   36.488 -143.267   50.629 -167.542  -26.501   84.226  161.032   82.360  104.129
372  155.463   38.934 -128.160   58.541 -156.101  -41.324   27.264  165.442  110.740  -81.291
373 -168.968   14.339 -138.808   55.261  165.564   -9.650  128.204  144.422  102.477  -83.874
374  153.591   32.916 -131.630   43.465 -166.913  -33.511   11.786  157.797  132.544  -89.051
375  143.930   55.061 -117.151   52.033 -163.278  -19.313   18.847  162.709  120.550 -115.812
376  156.278   37.127 -123.939   47.714 -152.327  -42.676   56.878  167.589  123.552  -58.133
377 -176.400    2.681 -156.566   77.606 -161.420  -30.221   94.487  145.802  124.646  -67.720
378  133.947   31.338 -121.045   49.694  172.176  -53.379  -15.224 -179.632  108.527  -62.251
379  165.100   70.557 -133.315   51.977 -167.817  -24.108  101.885  136.967  127.370  -83.467
380  139.914   43.140 -139.491   48.024 -172.932  -52.159   22.672  158.172  124.377  -39.655
381  175.806   26.962 -133.345   59.693 -149.920  -43.076   76.225  158.899  119.057  -97.372
382  144.656   46.094 -130.503   58.439 -145.942  -55.152  165.384 -173.939   61.787   85.082
383  130.799   51.678 -115.710   52.234 -143.294  -34.564   10.049  175.293  117.026  -96.524
384  176.617   46.589 -144.819   64.232 -174.972  -33.314   87.361  136.850   88.430  -56.790
385  158.110   38.430 -133.205   71.773 -148.041  -29.295   45.830  171.181   97.946  138.698
386  164.861   27.625 -135.779   52.295 -160.486  -55.764   70.667  161.844  118.407  -73.444
387  167.539   47.795 -130.702   49.652 -146.507  -29.661  125.431  131.978   94.862  -60.462
388  164.599   18.196 -132.029   48.611 -177.359   25.945   40.201  161.393  108.214  -64.224
389  160.495   38.384 -122.603   44.213 -157.273  -17.061   23.552  170.743  120.150  -91.255
390  153.769   33.867 -133.772   68.593 -146.828   16.197   20.892  163.294  122.752  -64.559
391  163.253   23.834 -111.958   45.635 -154.463   38.868  112.123  177.430  108.289  -69.029
392 -171.458   -6.848 -136.168   48.969 -166.720  -38.082  125.359  -69.861  124.643  -93.196
393  171.627   14.035 -133.533   61.260  175.272  -13.053  117.548  132.653  107.944  -79.719
394  156.067   19.099 -127.720   51.582 -156.874  -30.382   15.073  165.510  118.633  -88.650
395  147.880   54.153 -125.906   50.970 -139.059  -33.674   27.417  159.206  120.438  -91.177
396  153.740   42.916 -125.854   48.518 -160.074  -19.235  111.915 -157.206  108.146  -85.855
397  170.401   40.688 -131.687   61.128 -172.099  -45.617  130.071 -162.691  109.577  -59.338
398  170.565   11.863 -129.866   40.075  179.215  -34.194  125.350  146.908  135.348  -91.547
399  169.993   15.485 -126.563   46.370 -170.750  -42.302  128.089  126.706  118.065  -92.550
400  155.173   24.772 -136.662   47.386 -174.625   24.307   49.082  153.399   85.285   98.457
401  133.894   38.359 -133.723   59.120 -175.173  -48.530   91.562  143.252  119.338  -63.231
402  157.043   25.429 -123.670   59.084 -158.672  -51.137   14.260  171.930   76.593  111.970
403  175.581   18.818 -124.924   58.350 -144.511  -50.678  113.383  142.306  102.847  -77.839
404  176.484    8.077 -144.525   59.431  166.320  -38.268  126.065  -70.403  115.925  -71.999
405  170.643   15.995 -139.625   62.540 -138.023  -33.927  109.250  -60.571  119.980  -78.357
406  179.929    6.475 -143.764   49.707 -175.783  -24.981  128.254  -75.453  135.079 -105.888
407 -175.887    7.547 -125.900   41.534 -177.003  -47.488  126.991  154.050  121.132  -87.461
408  152.171   31.800 -120.241   38.023 -179.394  -26.626   30.817  170.114  111.935 -114.027
409  178.532   37.947 -134.613   50.592 -165.111  -44.800   78.614  159.283  117.676  -62.314
410  160.226   43.590 -129.331   61.805 -147.284   21.720  103.028  160.504  113.077  -57.700
411 -163.062   -7.999 -135.299   48.366  179.628  -33.869   88.112  135.948  121.559  -64.154
412  135.649   54.373 -130.650   56.987 -149.469  -32.687  114.647 -133.504  113.856  -75.515
413  178.800    3.476 -124.207   50.971 -174.685  143.079  117.704  118.867  122.173  -94.181
414  157.994   54.674 -117.931   54.055 -165.043  146.900  117.612  115.094  107.426  -68.279
415  149.468   45.051 -125.589   53.585 -172.264   31.959  118.829 -144.579  116.059  -71.466
416  165.363   25.660 -131.936   40.753 -160.630  -31.683  132.038  -62.059  122.263  -67.629
417  148.246   45.803 -131.573   44.675 -175.365  -19.297  136.368 -172.416  126.219  -85.461
418  166.641   20.876 -126.348   36.185 -178.997  -53.039  127.414  156.994  118.267  -60.972
419 -175.601  -16.485 -133.836   55.996 -169.033  -42.867   50.855  164.277  128.580  -60.942
420  151.451   57.375 -118.641   43.555 -162.707  -26.691  110.115  112.408  105.505  -70.433
421  161.397   17.521 -128.887   53.295 -174.387  -45.204  122.846  142.024   99.984  -65.036
422  168.322   28.358 -127.925   48.169 -155.196  -19.582    2.859  169.500  144.222  -79.131
423  179.570    3.266 -120.348   51.172  177.709  -41.394   -1.171 -179.806  121.714  -69.161
424  164.162   26.238 -121.565   51.001 -167.416  -34.319   41.771  171.824  101.624  -92.369
425  172.502   32.577 -141.181   47.585 -165.752  -29.438   32.479   64.871  135.612  -88.401
426  175.173   -2.076 -126.109   47.423 -140.009  -23.957    0.401 -176.368   86.792   80.890
427  160.937   26.180 -123.062   60.604 -151.365   24.922  -22.883 -162.982  115.257  -40.919
428  158.993   39.593 -130.065   56.288 -143.405   34.011   88.018  175.628  122.915  -75.733
429  174.757    5.381 -138.019   58.733 -143.488  -77.979   29.641  178.181  131.381  -68.112
430  173.234    5.919 -134.987   45.364  -11.762  -65.632   41.769  166.659  129.143  133.835
431  163.117   -0.838 -126.983   56.325 -176.499  -31.006    9.001  178.768  128.633  -54.821
432  171.837   26.536 -127.979   49.165  171.059  -26.194    7.616  176.511  127.848  -59.798
433  153.800   58.725 -127.930   54.541 -148.657  -51.828   27.021 -176.677  111.790  -62.307
434  140.868   39.239 -132.086   47.433 -155.450  -47.025   30.959  151.649  111.981  -68.016
435  160.178   49.546 -120.464   50.721 -172.532  -40.389   11.089  177.732  110.924  -85.767
436 -179.204   56.448 -135.042   51.346 -174.275   37.250  160.121 -141.505  109.137  -68.944
437  141.528   61.803 -137.241   55.453 -163.830   -9.019   13.898  175.103  105.644  -82.324
438  164.994   28.635 -126.634   46.926 -152.399   -5.165   20.253  178.774  114.860  -82.345
439  174.687   53.649 -132.987   37.755  147.993  -25.792  125.350 -135.619  127.134  -79.262
440  148.108   48.673 -127.300   48.900 -158.739  -16.989  144.166 -147.879   95.445 -172.562
441  150.557   53.872 -129.303   62.180 -165.157  -45.084   32.811  166.838   68.204   96.993
442  167.163   67.860 -128.080   54.157  169.863  -28.676   15.229  179.319   50.095  145.933
443  161.915   28.175 -126.270   67.799 -148.769  -55.782    4.646 -175.517  116.124  -75.981
444  168.296   25.296 -125.557   57.124 -160.675  -38.144   20.083 -177.953   91.556  149.230
445  166.738   54.460 -127.727   56.381 -156.590  -52.763  114.123  135.451  111.686  -67.675
446 -177.739    2.143 -137.814   65.666 -133.549  -36.239    2.110  179.167  103.531  -88.031
447  170.502   64.159 -126.476   44.629 -141.726  -28.619  118.610  153.430  119.380  -75.176
448  168.165   22.819 -128.517   58.046 -172.947  -34.437  133.533  166.760  112.251  -79.982
449  173.289   26.108 -131.749   42.274 -164.391  -43.758  128.303  170.959  124.459  -64.743
450  156.176    9.309 -124.842   56.952 -166.724  -16.674   16.702 -175.145   99.811  -88.134
451  160.011   44.535 -135.301   57.317 -159.526   20.798   34.213  150.636   83.633  140.856
452  176.787   48.075 -126.620   58.096  158.989   43.392  110.798  140.709   91.688  162.258
453 -176.137   56.125 -132.497   57.633 -170.695   23.055   91.601  164.888   98.555  -79.160
454  159.920   53.608 -127.855   48.050  163.950   48.105  118.478  173.626  126.194  -55.437
455  166.345   47.362 -135.726   75.790  156.463   42.460   31.044  173.025  123.047  -62.835
456  144.911   41.494 -123.314   57.895 -162.908  137.003  156.417 -163.792  100.719  172.961
457  171.415    6.760 -130.558   47.448 -178.457 -148.175   38.862  161.895  127.947  -68.544
458  154.067   44.288 -124.751   44.654  162.113 -152.971   24.184  178.443  114.389  -89.859
459  164.914   43.270 -121.370   61.289 -148.522  161.479   14.057  165.197  124.001  -68.909
460  175.924   51.398 -127.360   63.591 -151.164 -173.213   29.309  164.295   68.497  111.510
461  154.499   18.958 -124.442   49.900 -163.625 -146.868   21.003  173.203  117.434 -103.829
462 -175.478   41.451 -115.701   42.835  160.445 -130.617   45.262  171.979  124.177  -68.997
463  141.010   42.555 -131.268   50.596 -170.614  134.244   55.254 -169.064  125.460  -81.427
464  164.012   52.408 -123.428   50.596 -156.657  129.960   14.942  172.763   94.949  -95.779
465  152.136   44.565 -132.800   50.832  155.086  145.049  122.687 -159.035   83.645  103.922
466  156.218   33.640 -126.237   52.935  177.086  133.843  114.164  172.299  106.370  -75.322
467  168.537   11.024 -126.747   55.327 -156.209  124.447   29.009  168.043  112.727  -78.026
468  151.662   39.687 -127.990   61.260  174.580  130.844   85.629  162.996  109.534  -78.747
469  177.854   58.735 -127.619   60.739  175.792  135.787  124.498  178.890  109.994  -96.457
470  169.993   22.343 -150.414   66.068 -179.179  135.013   19.291   75.606  128.301  -84.012
471  171.222   43.865 -148.823   81.313 -177.463  131.502  108.356  163.535  104.031  -66.319
472  160.777   28.076 -139.060   55.482  -23.080  147.448   24.889   71.222  121.571  -68.469
473  153.739   48.213 -127.013   62.553  164.812 -156.778   35.283  165.933  122.624  -54.620
474  167.628   44.743 -127.496   60.147  169.839  149.105   60.177  152.014  101.340  -67.786
475  173.465   -3.627 -130.912   59.259  176.455 -162.931   21.007  174.137  121.917  -70.620
476  162.088   62.794 -116.589   49.943 -177.486 -156.599   51.540  137.991   86.859  106.995
477  168.595   35.625 -124.858   50.924 -177.989 -146.307   28.804  112.875   97.539  164.582
478  168.564   48.230 -134.280   42.026  152.682  139.371   54.211  155.345  125.352  -70.710
479  154.876   51.681 -136.478   50.462 -171.928  136.042   89.223  152.200  114.440  -69.674
480  170.476    7.000 -127.334   44.105 -146.628  142.880   88.847  178.642  132.366 -140.669
481  164.337   36.755 -138.450   54.216 -161.918  -50.087  117.367  135.823  106.431  -70.702
482  166.338   48.261 -132.827   61.551 -169.458  -57.231   13.780   74.289  125.210  -33.912
483 -178.480   33.870 -151.229   68.992 -178.855  -44.711  101.579  -85.136  123.368  -79.591
484  152.842   37.652 -123.080   61.569 -142.180  -34.520  149.813 -147.251   90.021 -155.584
485  165.834   58.057 -140.484   59.556  171.863  -44.604   67.772  165.091  120.799  -38.851
486  168.904   -1.937 -150.038   66.059  160.407  -37.111   66.239  129.014  121.821  -63.937
487  147.808   40.768 -117.871   59.376 -157.783  -50.391   28.289 -172.849   92.125  -60.867
488  158.799   67.402 -138.425   53.375 -162.748  -44.302  128.442  -93.120  111.431  -65.941
489  161.009   49.300 -128.925   53.312  164.126  -27.140    7.536   82.132  113.704  -92.453
490  149.232   18.057 -129.740   62.811 -169.365  -48.423  112.831  -76.561  117.330  -83.089
491 -169.732    4.832 -140.383   63.979  176.049  -41.291   18.320  162.052  116.752  -30.539
492  162.981   37.051 -129.439   56.848  174.823  -22.215  122.544  146.086   73.157   64.992
493  160.630   35.751 -138.462   63.382 -164.902  -31.043   15.445  176.110  123.347  -73.608
494  166.284   25.310 -130.656   54.804  173.457  -28.700    6.319  172.718  109.870  120.420
495  158.901   33.335 -130.238   42.140  158.136  -40.275   26.915   62.716  124.636  -79.902
496  178.946    0.343 -144.867   49.714  163.708  -38.418   20.632   71.173 -137.137  145.192
497  160.672   37.095 -143.884   54.248 -156.800  -32.920   34.056   66.452   80.516  103.850
498 -177.204   -2.853 -143.863   64.352 -141.831  -37.672    2.273  167.087  127.896  -64.083
499  139.801   71.622 -139.974   66.451 -160.608   24.152   27.735  178.045  112.695  -74.174
500  158.887   52.012 -137.351   64.120 -177.083  -45.992  122.137  -80.114  114.626  -93.706
501  172.708   44.385 -140.480   70.345 -169.094  -42.090  112.446  -45.606  108.024  -64.698
502  151.760   56.171 -140.057   53.220  171.105  -25.353  109.327 -165.096   82.352  108.378
503  168.251   35.738 -136.593   59.968  171.043  -42.930   28.399  154.523  109.542  -92.683
504  152.640   57.894 -137.278   67.131 -178.383  -32.706   50.252  173.084  111.021  -69.302
505  153.172   52.772 -130.918   58.684  176.122  -60.837   13.209  178.185  123.728  -85.567
506  146.075   56.592 -126.824   56.124 -171.954  -53.575  -32.709 -171.894  132.901  -49.189
507  178.853   15.949 -140.231   54.729 -167.398  -38.415   23.969 -165.274  124.066  -87.486
508  173.538   41.398 -131.301   53.908  171.315  -14.797   93.515 -177.167  117.233  -58.555
509  178.106   15.028 -138.309   70.983 -177.573   44.282   52.531 -175.892  112.624  -81.164
510 -176.978    9.633 -140.387   56.529  171.292  -32.148   54.346  159.787  133.609 -102.465
511  158.843   51.870 -133.005   55.947  145.792  -32.277  111.889 -121.941  116.396  -65.383
512  177.284   48.053 -136.932   74.927 -172.668   11.607   30.604  171.073  114.250  -83.357
513  160.710   69.664 -127.912   64.438 -164.347   11.314   33.081   99.761  130.041  -74.852
514  158.640   39.366 -129.694   44.560  164.917  -32.449   44.233  152.724   84.493  110.889
515  155.945   39.004 -134.022   71.637 -171.387   20.985   43.274  175.096  109.757  -82.000
516  144.150   45.038 -123.617   60.817 -174.558  -38.857   20.063 -179.673  109.737 -102.936
517  165.935   56.475 -130.082   42.084  159.896   34.760   72.965  141.510  135.566 -130.636
518  142.702   39.641 -127.125   51.374  173.842  -33.818   26.608  153.402  135.704 -125.103
519  170.616   11.947 -138.550   52.903  173.927   30.207   13.102   70.422  127.776  -89.738
520  163.130   41.176 -135.346   60.361  172.882   33.813   39.033  171.203   63.408  145.994
521  164.957   37.963 -140.343   62.112 -179.370  -32.710   88.783  145.027   94.655  -74.039
522  162.927   51.579 -147.026   54.503  173.431  -36.506   23.853   70.542   94.646  142.546
523  166.748   22.674 -134.250   59.966 -159.579  -38.932   47.050  165.300  127.654  -80.212
524  172.348   46.140 -139.648   60.265  171.520  -41.655   24.360  151.122  122.322  -75.513
525  151.791   39.152 -130.588   60.019 -147.137  -25.441   87.529 -107.733   94.741  -70.916
526  154.692   32.393 -130.598   56.768 -157.625  -19.264   24.252   71.171   74.585   97.354
527  155.916   45.250 -139.213   61.317 -143.214  -29.928  134.553 -121.537  120.522  -95.507
528  168.089   26.603 -132.144   47.373  176.185  -26.769   58.943  164.901  123.440  -81.879
529  142.272   65.416 -127.383   50.628 -176.464  -29.565   43.769   63.633  107.398 -150.942
530  178.316    1.999 -135.003   54.706 -147.703  -43.835  143.392 -145.793  107.719  -56.702
531  161.864   30.452 -126.681   54.096  172.926  -30.119  106.565  130.553  103.537  -60.327
532  154.433   33.960 -140.923   56.501  176.868  -28.702  122.762 -148.216   98.529  -68.122
533  149.734   36.196 -129.592   63.466 -138.304  -55.394   40.254 -145.693  114.367  -76.119
534  165.142   52.153 -139.375   63.239 -169.161   14.467   39.055 -176.042  105.689  -61.663
535  169.261   47.697 -146.119   70.630 -173.776  -48.044  154.852 -132.946   71.503   76.693
536  156.012   58.370 -125.173   56.957  167.445  -27.680   34.885  160.767  102.953  -98.778
537  -67.905  130.985 -139.664   71.839 -178.149  -45.154  114.460  -83.215  132.151  -56.101
538  156.214   36.282 -135.347   69.243 -178.737  -40.479   36.358  118.117  111.981 -103.721
539  136.628   35.791 -131.578   48.119  163.255  -49.081   15.997   83.012  115.956 -111.141
540  143.827   72.851 -137.742   61.168 -173.255  -31.385  133.263 -116.482  123.711  -86.265
541  167.103   37.757 -133.200   51.809 -160.185  -17.127   32.192 -174.551  101.426  -92.556
542  165.142   15.836 -147.346   46.920  172.464  -36.627  110.099  143.225  123.588  -77.044
543  157.212   53.896 -139.376   59.504  179.860  -32.464   19.937   54.822  110.098  -67.693
544  163.117   46.974 -138.088   57.003 -173.334  -31.439    3.424   90.364  115.078  -94.553
545  161.437   30.757 -113.971   54.561  177.919  -25.554   31.852  169.787  102.381  -51.126
546  168.144   16.267 -137.357   49.817  168.782  -21.135  116.808 -145.502  113.026  -63.890
547  170.991   24.176 -143.560   57.600 -169.862  -50.554  113.956 -154.198   90.257   97.795
548  175.291   20.139 -124.855   48.782 -172.317  -42.499   58.903   71.066   83.134   66.210
549  164.503   30.312 -136.632   56.625 -179.861  -32.449    2.406   78.840  106.668  -83.253
550  145.491   43.759 -137.308   61.234  162.136  -52.022   29.814 -176.413  104.135  -86.103
551  172.854   22.715 -134.274   60.055 -166.368  -34.950   58.545  144.510  112.418  -70.689
552  171.514   28.643 -129.458   51.138 -169.427  -55.370   26.531  151.904  117.224 -106.680
553  158.914   27.501 -135.299   52.933 -179.305  -31.815   47.926  174.924   99.863  -79.887
554  161.428   10.885 -127.607   47.811  178.569  -46.437   21.595  148.533  131.313 -106.453
555  156.125   18.284 -151.821   65.920 -172.013   -6.030  132.770  -67.317  116.993  -79.924
556  176.159   54.533 -146.084   79.243 -173.185  -37.927   34.962  167.134  119.362  -80.553
557  169.784    9.651 -145.193   68.319  171.499  -35.955   98.191  -90.538  109.372 -155.539
558  152.971   71.780 -136.273   62.824 -176.430  -42.787  104.838  -52.376  119.099  -88.377
559  166.057   54.982 -134.112   50.648 -163.794  -18.560  139.235  -82.340   70.209  157.367
560  141.305   38.524 -126.885   62.213 -169.564  -27.615   51.021  164.155  119.212  -61.735
561  179.807  -20.282 -141.964   61.586  174.231  -26.031  122.461 -155.873  117.476  -66.707
562  154.592   28.055 -130.753   49.504 -172.954   33.217   -4.204   99.379  122.602  -99.895
563  171.557   40.210 -129.832   55.603 -161.520  -18.299   43.785  173.056  101.657  -65.406
564  164.511   47.236 -137.524   59.296 -143.769  -32.786   29.080   71.359   66.448  113.565
565  155.389   44.236 -130.325   51.361 -131.781  -33.266   17.659   96.188  129.454 -100.643
566 -177.907   24.223 -140.129   69.275 -154.534  -48.000   30.453 -178.248  101.327  -83.323
567  153.294   67.843 -132.528   59.126 -170.171  -40.538   37.305  155.578  105.445  -92.218
568  162.379   39.746 -116.911   50.940 -174.653  -23.753   27.356  162.795  112.438  -77.430
569 -178.528   35.188 -128.705   54.700 -170.985  -32.766  109.029  141.994  111.261  -77.791
570  170.998   25.912 -136.638   51.368 -176.535   43.395  126.836  -94.061  112.370 -165.456
571  160.671   21.666 -117.079   65.458  176.220  -30.986    9.220  176.675  105.629  -77.315
572  176.480    1.631 -122.877   52.862 -178.587   31.508   -5.554  171.568  124.897  -98.505
573  165.869   27.654 -134.810   42.794  168.893  -31.281  119.289 -113.961  130.360  -88.250
574  169.864   29.216 -134.733   60.342 -171.726  -32.713   93.741  131.822  108.739  -65.194
575  145.365   54.115 -124.271   55.515  155.952   35.564  140.190 -150.885  107.240  -80.215
576  159.660   23.273 -130.715   51.870 -175.134   36.331   23.734  149.342  110.258 -153.236
577  154.925   30.033 -125.341   62.654  156.701  -29.117   66.500  163.160  115.260  -60.183
578  157.729   17.473 -131.849   59.343 -161.882  -52.636    4.880  176.080  112.115  -53.690
579  153.683   38.471 -127.970   55.679  173.463  -22.575   37.692  172.716  101.571  -93.935
580  174.294   -5.212 -139.267   69.778 -152.464  -35.687   36.972  139.332  106.447  124.804
581  161.715   63.158 -136.346   56.323  169.532  -24.363   20.032  177.741   82.218  100.362
582  168.473   66.720 -120.200   57.944 -173.398  -21.593   30.089  165.211  109.796  -88.492
583  165.051   20.755 -116.819   49.796 -147.942  -36.756    9.441  170.072  111.824  -62.506
584  163.256   30.278 -135.863   49.127 -162.371  -23.304   38.839  165.369  121.104  -78.585
585  169.378   22.929 -131.261   55.603 -149.632   -1.057  -15.606 -167.601  121.884  -97.042
586  167.910   35.954 -138.114   48.449 -158.334  -22.735   23.121  171.391   92.807   83.243
587  164.462   33.381 -144.256   56.268 -168.442  -25.577   34.631 -179.860  119.620  -98.226
588  177.048   70.643 -139.546   53.039  173.895  -18.922  109.367  131.285  103.294  -73.578
589  170.031   33.506 -123.567   47.546 -167.007  -46.145   54.980  126.451  107.532  -49.207
590  154.784   36.204 -127.220   60.386 -151.963  -33.891   54.684  145.751  113.487  -67.971
591 -155.222  174.166 -142.775   55.681 -159.518  -32.248   85.094  150.502  125.912  -76.532
592  171.289    6.368 -143.620   58.667 -166.848  -47.541  137.716 -152.513  107.644  -74.638
593  164.010   28.634 -119.703   43.539 -160.997  -36.931   20.861 -175.411  124.294 -120.398
594  155.116   46.311 -131.255   59.258 -166.658  -33.230    7.903   75.125   68.145   51.710
595  157.063   34.947 -139.372   65.030 -147.302  -46.277   28.101  177.048  116.509  -71.521
596 -179.603   -5.328 -146.022   40.147 -173.255  -41.755   47.695   91.754  143.020  -44.333
597  136.058   39.320 -129.577   54.378 -120.569  -35.769   19.367   77.035   80.243  117.380
598  152.961   19.726 -125.672   62.210 -155.129  -44.040   87.569 -151.523  124.101  -85.570
599  154.716   43.346 -144.243   60.701 -168.625  -40.813    4.912   74.032  149.063  -61.425
600  165.494   43.383 -130.264   42.920  167.091  -37.589  118.749  -68.377  113.390  148.078
601  157.868   19.077 -116.142   52.588 -154.656   -5.755   24.695  170.391  121.258  -89.278
602  154.469   45.358 -134.641   53.002  172.688  -29.332   32.543  170.876  102.742  177.236
603  155.726   49.943 -138.808   44.018 -171.555  -23.844   52.300  154.377   87.262   99.462
604  170.519   13.607 -122.608   49.408 -170.283  -33.982  122.286  135.195  108.376  -80.118
605  161.110   45.373 -135.631   54.426 -174.732  -24.971  113.145  134.552  117.096  -76.313
606  163.479    9.883 -144.945   51.709 -140.332  -53.359  109.068  160.349  135.603  -74.358
607  176.058   61.145 -137.158   50.750 -151.469  -33.963   74.506  147.947  130.390  -80.226
608 -170.375   35.249 -138.447   68.669 -156.559  -33.918  118.255 -174.350  123.961  -78.850
609  167.215   30.712 -130.148   66.739 -154.355   -5.501   99.831  150.831  124.040  -69.467
610  163.828   39.566 -130.513   44.530 -165.750   32.701  106.374  146.621  120.336  -69.069
611  161.890   18.987 -131.338   58.251 -159.845  -18.552   65.978  167.862   92.584  -72.253
612  166.486   37.117 -143.671   64.294 -160.954  -26.733  105.690  122.748   78.093  144.829
613  158.100   27.169 -120.956   47.209 -170.103  -32.097   36.111  163.674  127.032  -58.823
614 -179.571   -8.052 -149.883   51.521 -173.779  -34.417  101.178  139.929  120.796  -45.767
615  176.377  -20.681 -152.170   55.409 -151.441  -33.831   80.338  165.832  123.365  -75.937
616  177.922   30.448 -140.198   59.297 -174.534  -33.000   27.238  177.302  115.418  138.714
617  165.527   61.053 -142.312   62.698 -158.415  -52.315  143.543  127.872   87.653 -137.589
618  160.722   13.584 -122.641   55.020 -145.312  -21.647   -9.443  176.386  114.452  -77.042
619  161.325   16.727 -120.329   37.488 -160.797  -39.971   59.200  162.247  116.776  -79.397
620  171.986   -1.464 -138.818   53.199 -157.519  -34.476   33.652  163.728  111.791  136.659
621  148.755   37.838 -119.940   37.522 -157.942  -46.224   57.754 -169.765  112.536  -98.002
622 -155.370  134.964 -128.723   55.779 -161.157  -39.288  139.024 -157.176   88.512  -72.165
623  170.540   13.301 -129.218   39.010 -158.979  -28.657   21.476  179.869  121.622  -73.544
624  152.476   25.933 -121.641   47.237 -155.157  -34.898   18.162 -171.181  116.359  -86.197
625  161.556    7.140 -120.726   47.623 -161.621  -27.695   14.230  172.576  102.468  127.569
626  133.153   40.641 -127.608   40.946 -171.617  -26.858   65.666  149.971   95.844  118.635
627  154.057   32.217 -125.906   45.150 -158.832  -28.548   24.890  179.339  118.244 -100.389
628  163.775   22.052 -120.598   31.628 -141.460  -44.362   31.058  160.143  115.108  -80.908
629  140.453   68.820 -123.032   44.967 -161.133   20.582  108.782 -127.665   77.189  146.393
630  148.071   38.104 -123.459   43.047 -137.393  -27.780   26.473  167.149  128.337  -97.560
631  159.136   49.514 -127.905   41.249 -133.663  -47.776  138.642 -161.632  117.707 -179.900
632  159.351   52.425 -135.961   41.376 -146.917  -22.586  123.803  -97.240   97.205  156.709
633  144.215   32.283 -115.938   40.609  167.614  -26.818   -3.250 -179.312  124.740  -95.620
634  147.104   36.699 -123.083   52.315 -166.314  -34.806   24.428  167.733  125.189 -141.149
635  151.711   42.185 -123.542   42.130 -161.072  -26.740   26.256  170.572   63.185  110.529
636  178.194   20.362 -140.038   48.388 -157.039  -42.233   41.802  158.109   88.501   95.423
637  139.197   39.600 -114.318   53.147 -149.518  -32.375  -21.236 -170.467  103.539 -107.448
638  158.009   35.807 -124.829   41.366 -173.938  -12.082    0.271  170.773  106.313  -65.113
639  154.102   37.280 -119.129   37.683 -141.154  -40.347   70.189  158.963  104.569  -52.565
640  173.352   -4.717 -118.555   37.468  159.941  -23.862  109.073  174.066  105.021 -165.335
641  157.681   47.347 -141.578   46.948 -169.109  -41.596  146.585 -167.414   86.944   94.992
642  151.183   59.538 -127.423   57.167 -161.805  -28.250  126.470  177.556   76.514  110.295
643  176.433   23.323 -123.558   35.272 -158.179  -52.383   40.259   58.606  129.584 -129.890
644  148.300   40.235 -119.121   44.791 -164.798  -38.161   21.875  156.764  119.996 -106.358
645  153.787   50.849 -121.239   36.455 -156.638   40.893   24.350  169.510  115.081  -90.804
646 -170.136  160.134 -122.950   46.254  178.671  -40.527  129.196 -146.252  109.758  -65.085
647  169.533   11.298 -141.653   43.935 -175.264  -40.220   75.956  166.199  122.551  -74.202
648  155.641   36.517 -140.230   51.605 -149.404  -38.895   88.136 -120.001   70.284   76.198
649  156.994   42.794 -133.656   49.204 -149.821  -27.841   38.342 -161.025  114.771  -72.212
650  148.812   42.679 -128.450   38.478 -164.778  -22.850   61.223  163.074  121.189  -51.003
651  148.898   61.645 -126.840   37.768 -158.167  -41.472  149.446 -168.196   58.403  104.573
652  176.177   26.107 -130.472   46.503 -137.127  -13.714   -6.570 -160.980   64.377   74.808
653  150.530   41.507 -129.869   51.911 -169.253   13.098   -1.399   79.257   75.377   72.170
654  168.259   33.673 -126.721   47.868 -162.497  -36.396  112.398  135.293  101.511  -78.365
655  159.803   32.566 -128.523   58.750 -160.622  -25.718   52.942  170.066  105.288  -80.448
656  169.137   23.929 -137.388   51.110 -163.603  -59.718   80.737  134.941  121.646  -73.433
657  158.567   48.652 -143.622   53.772 -148.489  -40.426   95.917  147.876  123.127  -64.063
658 -173.169    3.228 -131.317   50.416 -166.429  -33.850  119.667 -165.597  125.674  -83.335
659  152.045   30.427 -122.531   62.032 -153.660  -29.027  110.449  155.713  101.957  -67.906
660  162.794   20.093 -126.226   52.152  175.084  -32.707   -4.279  178.880   77.110   93.980
661  162.708   40.498 -133.527   43.032 -167.664  -41.800   28.225  153.968  116.147  -78.902
662  160.829   33.692 -129.362   56.803  178.939  -32.187  110.145  155.423  113.633  -79.743
663  155.419   38.313 -138.564   51.024 -164.869  -32.664   49.485  163.883  124.258  -37.009
664  157.217   75.333 -143.348   57.255 -149.391  -41.489  143.221 -145.549   68.334  137.255
665  159.643   30.491 -141.368   63.080 -156.051  -39.263   49.125  158.724  120.775 -105.531
666  169.401   35.574 -139.313   53.547 -146.472  -54.860  156.460 -133.992  112.549  -70.803
667  149.053   46.544 -117.869   32.826 -173.551  -31.989   83.983  147.571  126.380  -95.455
668  166.415   34.988 -135.729   58.449 -161.645   29.544   30.539  171.567  131.215  -60.190
669  170.197   26.693 -138.168   53.518 -151.048  -21.166   26.837  179.930  113.841  -53.198
670  164.820   28.563 -125.236   55.435 -170.582   15.099   40.772  160.195   74.351   67.801
671 -177.913    6.623 -138.902   46.086  172.449  -36.445   36.585  164.077  129.135  -92.071
672  162.148   20.227 -139.138   51.453 -169.196  -36.478  137.300 -163.991  115.061  -79.243
673  162.238   35.773 -123.625   31.174  167.922  -28.694   59.632  157.018  137.117  -53.950
674  158.726   57.073 -132.045   46.308 -166.135  -17.522   28.577  162.593  137.272 -154.536
675  175.205   -5.600 -134.239   51.254 -157.029  -16.551   46.040  174.386  112.854  -59.833
676  153.475   27.412 -143.097   49.961 -125.221  -58.836  106.999  154.651  128.703  -57.087
677  170.259   40.333 -132.013   42.259 -176.610  -14.566  124.426  125.483  115.677  -90.108
678  167.311   11.487 -138.504   54.900 -172.969  -31.590  126.337  150.012  103.792  -63.410
679  166.431   20.463 -120.383   51.433 -169.157  -51.194  100.448  175.225  114.020  -97.658
680 -176.736   19.439 -132.151   44.640 -177.989  -14.526  123.538  132.170  111.741  -64.220
681 -176.419   19.801 -145.421   50.431 -164.908  -31.120  114.759  160.208  115.150  -72.291
682  163.967   27.896 -131.945   50.724 -162.366  -10.625   75.159  163.121  131.875  -85.655
683  171.141   31.949 -142.121   50.341 -168.173  -30.990  113.900  128.458  115.988  -80.305
684  145.816   29.116 -140.277   66.306  173.250  -26.880  130.937  139.308  105.095  -47.957
685  179.812   42.468 -147.647   71.490 -147.646  -37.935  119.821 -173.481  111.217  -57.983
686  168.081   38.866 -130.963   44.197 -169.176  -14.096   99.151  106.170  117.193  -78.006
687 -174.781    8.983 -150.635   60.183 -159.559  -38.376  123.303  142.297  119.049  -63.531
688  179.670   14.710 -139.155   51.412 -154.953  -49.292  147.318  -72.403   86.106  149.439
689 -176.595   -2.826 -132.331   48.234 -169.553   23.456   95.321  164.938  119.130  -62.951
690  137.571   43.336 -126.523   55.220 -155.051  -23.530   -1.166  170.614  118.583  -71.151
691  160.392   16.705 -131.687   57.485 -168.972  -26.362  126.527 -147.590  113.278  -94.982
692  163.431   46.193 -121.936   46.913 -152.209  -49.130   46.836  168.908   74.080   74.247
693  157.819   37.942 -135.377   58.897 -150.416  -27.872   -7.914  178.045  119.129  -80.052
694  170.773   46.551 -141.130   56.122 -148.884  -45.573  100.174  147.799  106.578  -79.729
695  179.823   24.773 -130.375   51.694 -154.377  -38.016  114.693  125.142  104.840  -68.668
696  170.308   28.851 -132.605   47.704 -139.422  -19.665  122.516  155.511  107.499  -61.045
697  145.835   33.616 -141.590   63.922 -156.632  -36.002   36.394  166.150  105.980  -86.904
698  171.108   45.211 -130.948   45.199  174.377  -37.077  122.799  -86.501   95.974  170.321
699 -179.512   31.651 -128.457   52.646 -170.068  -21.851  116.716  141.068  105.180  -80.170
700  155.557   64.225 -146.929   62.727 -155.297  -32.047   48.061  164.188  121.392  -82.747
701  170.296   57.631 -119.394   37.535 -142.841  -33.816  149.519 -150.168   68.660  105.679
702  175.005    9.336 -130.409   54.839 -148.290  -38.198    4.510 -175.740  118.484  -54.870
703  146.559   32.883 -130.022   44.145 -158.419  -50.840  129.171 -137.895  106.581 -173.420
704  162.590   53.953 -124.694   44.833  175.105  -54.336  -14.064 -173.610  117.637  -69.669
705  162.061   39.810 -139.005   53.870  179.999  -14.569   47.638  164.862  108.638  -59.537
706  161.711   36.306 -134.800   64.710 -160.579  -42.483    3.903 -178.089  113.234  -97.681
707  168.905   48.871 -141.241   56.734 -146.772  -42.243   43.836  170.877  125.554  -98.211
708  168.795   14.064 -140.849   60.335 -148.342  -31.756   36.951  168.707  130.672 -111.032
709 -168.950    9.303 -129.492   45.684 -164.959   30.897   98.426  148.380  144.070 -122.322
710  163.318   60.643 -136.822   55.925 -169.834  -66.985  117.197  136.854   67.269   71.414
711  169.847   20.670 -135.866   62.346 -168.910  -33.948  127.672  126.403  109.880  -92.201
712  161.491   22.369 -124.073   58.685 -160.083   50.638   -5.051  175.511  124.788  -73.765
713  153.422   21.247 -144.908   59.409 -166.787  -38.216  112.174 -172.215  119.674  -56.232
714  177.002  -15.144 -143.183   54.737 -173.664  -26.355  137.269 -173.020  114.699  -76.018
715 -172.281    8.070 -138.864   63.035 -167.651  -25.471   96.558  167.149  133.931  -63.332
716  163.424   38.336 -134.325   55.425 -145.685  -38.981  132.505 -157.872  120.335  -75.981
717  168.260   14.397 -145.475   61.074 -160.071  -25.451  108.602  141.799  126.008  -77.130
718  157.055   14.990 -131.733   55.018 -177.239  -29.936  113.302 -150.965  109.101  -54.043
719  154.960   29.844 -126.820   53.945 -151.473  -15.079  134.704 -141.942  107.255  -97.149
720  175.525    8.396 -146.910   52.428 -162.880  -39.938  122.161 -175.420  115.952 -112.879
721  162.500   21.741 -128.484   53.337 -157.043  -21.994   84.355  171.667  135.981  -96.225
722  163.167   36.104 -139.782   51.298 -159.314  -30.388  136.887  129.228   67.795   64.636
723  165.246   34.640 -125.130   36.953 -159.696  -32.577   37.381  170.067   86.623   96.504
724  162.827   36.973 -133.114   53.147 -137.511  -41.458  114.283  149.753  103.450  -91.367
725  167.365    5.956 -121.571   40.740 -139.852  -37.102  134.664  149.249  111.797  -59.200
726  170.111   21.116 -136.527   50.079 -172.434  -13.844   32.969  160.713   93.198  122.180
727  158.340   34.012 -118.211   39.458 -160.021  -14.883  152.510 -175.114  107.361  -73.002
728  166.024    3.837 -128.748   56.820 -160.626  -29.255   54.454  171.947  122.093  -91.242
729 -176.899   -5.255 -141.728   52.415 -155.878   -0.012  124.404  147.458   86.909   81.248
730 -169.468   -4.010 -151.500   73.408 -150.696  -36.047   63.277  139.404  120.053  -85.474
731  177.280   12.710 -135.680   69.061 -164.644  -29.546   95.563  161.838  119.941 -113.049
732  158.427   22.110 -135.023   53.410 -165.985  -34.870   29.805  149.772  114.913  -66.002
733  149.161   38.106 -120.347   43.563 -167.305  -41.947   13.873  165.106  115.748  -77.551
734 -175.468   53.509 -127.647   50.654 -167.340   45.207  130.106 -154.101   75.765  110.549
735  179.723   23.243 -136.224   51.595 -176.160  -34.480  106.923  131.975  108.749  -76.305
736  158.755   33.519 -138.096   50.749 -175.880   33.245   39.415  171.583  147.281 -109.753
737  179.517   29.632 -125.077   32.098 -167.887  -35.537  106.553  162.313  122.768  -67.654
738  168.477    2.778 -123.814   40.869 -172.107  -19.770   45.316  164.570  119.319  -80.499
739  173.590    4.356 -123.558   30.757 -173.903   21.279   31.382  163.214  129.635  -52.274
740  175.470   29.517 -134.260   55.088 -172.367  -40.842  105.873  141.637  113.757  -77.655
741  146.332   41.665 -132.268   49.243 -143.897  -22.612  115.433 -163.708  117.777 -110.273
742  172.481   35.367 -129.382   53.397 -162.144  -38.577  122.296  156.356  126.800  -92.248
743  149.735   45.117 -125.176   51.941  175.493  -39.209  136.600  158.272  109.292  -93.214
744  166.832   20.261 -140.401   63.477 -144.830  -23.871  149.373 -153.194  112.661  -48.917
745  167.600   41.464 -141.419   58.361 -170.567  -27.723  142.732 -169.519  119.107  -98.126
746  167.144   32.153 -137.422   54.687  170.947  -31.294   57.041  152.764  104.885  -93.094
747  175.888   43.803 -137.574   50.273 -160.604  -34.513   38.809  164.538  127.543  -72.034
748  160.666   34.174 -131.108   48.002 -152.235  -35.590  126.182  176.788  116.593 -160.991
749  159.171   22.839 -140.266   62.211  153.340  -22.481  122.818  -85.782  116.928  -33.311
750  170.188   15.682 -124.522   46.220 -159.926  -19.377  128.003  177.731  108.851  -90.291
751  167.643   56.636 -116.655   48.144 -162.709  -23.114  100.579  133.601  101.808  -85.120
752  169.376   28.471 -140.816   58.364  178.256  -39.325  113.177  142.428  117.495  -78.065
753 -166.886  110.040 -127.416   43.016  173.131  -15.748   70.627  172.090   64.744   50.560
754  162.022   28.847 -124.844   41.607  176.826  -30.905  104.040  155.868  111.718  -72.611
755  148.733   20.926 -137.106   44.115 -148.687  -40.948   99.786  165.748   93.153  129.722
756  148.777   40.813 -136.861   56.180 -118.343  -30.750   18.724  164.630  128.064  -80.632
757  171.909   31.240 -145.638   49.804 -154.391  -41.022  135.513  164.728   85.863  112.387
758  159.923   29.576 -135.021   53.648 -166.696  -43.052  124.688  -77.923  110.971  -86.549
759  157.521   30.599 -130.030   51.728 -170.846  -28.192  124.236  -58.970  112.530  -95.294
760  162.990   34.288 -132.389   58.280 -149.569  -49.437   47.215  175.464  121.133  -56.342
761  156.682   56.314 -140.578   57.276 -152.874  -38.144  119.854  151.785  109.338  -70.041
762  171.954   34.323 -137.174   67.925 -155.436  -36.433  112.082  127.288  107.121  -70.608
763  148.572   45.150 -137.233   50.062 -145.804  -18.321  121.803  134.793  103.710  -90.821
764  165.507   37.480 -135.491   56.722 -143.261  -52.715   71.167  161.099  111.075  -91.812
765  140.920   36.392 -135.078   60.513 -179.206  -31.163  160.243 -159.371  109.708 -175.351
766  149.412   57.856 -122.787   52.443  170.233  149.134  123.774 -156.177  118.131 -113.765
767  147.560   32.495 -130.422   54.246 -155.707 -136.569   59.665  145.635   73.953   99.293
768  161.752   14.651 -128.490   53.558 -152.714  162.341  126.949 -146.119  102.602  -88.019
769 -175.717   18.047 -144.793   58.953 -156.029  160.650   98.418 -160.132   85.213   89.808
770  155.551   31.977 -124.212   50.708 -175.010  156.814   99.107  143.275  121.421  -57.799
771  176.467   31.823 -138.463   63.020 -150.041  138.228  126.311  156.570  120.952  -86.199
772  168.394   46.568 -122.348   46.508  170.507  156.108  107.492  144.204  118.740  -70.274
773 -174.418  -16.838 -140.201   65.673 -179.391  152.642  113.245  140.138  101.529 -175.019
774  157.851   50.578 -135.532   54.237 -137.850  141.506   53.671   98.401  152.366 -131.803
775  169.448   30.030 -132.569   66.258 -152.133  141.668  106.422  124.315  120.089  -76.198
776  168.728   47.142 -120.559   54.159 -130.912  133.265   42.882  156.981  101.211  121.268
777  171.820 -168.069 -135.697   70.917 -167.460  136.058  114.069  138.951   47.950   42.881
778  173.550   13.502 -143.456   46.797 -161.572  144.033  133.071 -111.616   86.036  106.792
779  150.329   34.584 -129.977   49.299 -153.281  144.742  117.087  140.215  101.136 -174.638
780  148.313   60.975 -129.537   47.820 -174.993  155.815  110.567  130.550  100.282  -56.812
781  156.885   34.321 -135.882   54.427 -178.108 -163.131  104.930  134.139  122.504  -71.307
782 -166.276  150.683 -129.558   55.664 -140.462  164.409  107.703  -75.162  139.786  -71.452
783  173.985   44.735 -128.891   50.694    3.231 -158.319  104.320  168.550  107.176  155.990
784 -175.342    2.828 -130.962   57.429 -159.259  154.997   39.506  161.893   82.752  147.375
785  157.298   27.314 -114.178   60.856 -155.696  170.166   59.635  155.840  131.210  -67.049
786  166.445   10.268 -136.525   52.174 -136.822  162.354   42.262  162.314  135.177  -73.924
787  166.042   27.171 -139.584   61.816 -140.950  154.729  107.248  147.221  119.195 -167.176
788  159.802   46.098 -140.249   65.493 -135.704  147.146  147.687 -150.644   81.643  130.346
789 -175.279   -0.742 -132.771   50.100 -148.164  138.124  124.249 -125.407   99.646  129.527
790  162.676   25.959 -124.209   31.576 -155.158 -150.448   -7.572  174.539  120.240  -60.664
791  165.301   25.045 -129.769   53.494 -168.474  162.255  130.162 -176.722  128.134  -91.908
792  169.659   47.852 -141.039   57.691 -164.813  146.763  103.081  122.350  133.599  -96.045
793  170.344   54.565 -131.818   49.364 -176.098  143.277   93.284  121.113  123.229  141.954
794  179.524   21.543 -142.417   51.467 -133.676  143.037  120.103 -159.600  134.469 -111.872
795  153.011   66.758 -133.794   53.554 -153.317  143.518  153.434 -171.790   73.752  133.450
796 -175.471   39.473 -135.282   54.687 -148.058  143.760  135.131  124.933   95.386  -61.895
797 -172.844   36.127 -128.034   40.774  175.987 -151.842   56.897  159.732  127.730  -49.790
798  131.560   40.242 -126.850   50.800 -166.636 -160.457   29.536 -177.654  119.099 -112.882
799 -169.164  139.345 -151.546   52.777 -170.669 -143.458   54.938  143.475  128.804  148.145
800  173.234   66.559 -140.966   52.469  175.488 -141.661   39.123   81.205  128.108  118.739
801  167.312   20.360 -132.663   57.672 -160.982  153.776   35.102  170.180   96.751  136.969
802  141.311   27.734 -124.204   56.175 -124.377  147.774   31.055  172.364   90.984  128.284
803  166.054   38.440 -132.430   60.385 -159.476  137.488  121.580  171.089  125.065  -77.459
804  151.797   49.567 -117.853   53.290 -170.873  152.624   32.642  179.036  118.347  -90.693
805  153.986   52.314 -125.802   42.041 -163.706  157.493  123.659  -92.789  150.479 -121.218
806  167.455   36.920 -131.362   51.541 -142.147  145.513   50.833  144.202  118.390  -73.802
807  176.464   18.281 -131.878   59.186 -145.322  149.230  104.672  151.151  127.570  -86.959
808 -175.508   24.879 -136.297   53.297  176.706  151.151  117.436  140.728  107.636  -77.378
809 -178.975   18.483 -132.836   56.542 -152.128  142.119   50.628  165.001  132.170  -89.040
810  151.597   55.055 -125.877   53.302 -157.832  129.504    3.382  174.271  136.786 -116.739
811  170.199   13.636 -130.776   39.631 -167.317  149.773  120.474 -179.460  125.118  -77.802
812  166.617   63.328 -129.738   58.492 -171.055 -151.499  151.462 -147.102   68.091  112.417
813  171.749   50.984 -132.804   49.360 -166.225  153.404   30.561  174.221  124.271  118.629
814  173.771   23.906 -131.592   43.370  172.481  123.655   68.541  134.489  144.045 -156.260
815  163.104   20.386 -129.026   51.574 -150.845  166.216  135.291 -171.564  119.066  -65.509
816  160.862   37.900 -129.194   58.895 -157.996  133.173   70.376  164.101  101.736 -175.626
817  161.040   43.260 -128.972   58.616 -169.469  149.256   26.700  179.431  139.564 -128.342
818  164.733 -163.133 -136.567   53.336   26.427 -148.906  133.409  114.567   77.269   60.959
819  165.974   20.644 -127.410   42.525 -139.223 -125.503  126.604 -143.373   97.077  -60.752
820 -175.599    8.809 -133.149   52.342   34.008 -110.005  131.633  152.259  116.103  -72.170
821  167.836   64.548 -137.212   51.742  164.164 -141.361  132.331  -71.553   85.988  131.347
822  163.408   58.221 -131.621   55.849  163.598 -144.006  135.830 -153.169   78.132   70.018
823  168.432   18.193 -132.180   44.956   24.998 -147.924  111.385  168.293  138.067  -87.005
824  158.604   42.896 -128.390   54.726  -25.576 -134.403  136.568 -153.129  110.468  -84.972
825 -141.385  151.905 -143.995   58.189  -23.215 -145.190  132.076 -162.849  102.380  -66.900
826  176.134   34.858 -129.745   50.169 -146.406 -147.946  120.771  152.242  114.695  -71.983
827  153.978   20.748 -127.503   49.966 -167.188 -138.180   97.751  154.394  122.512  -79.593
828 -175.215  134.740 -136.109   51.680 -149.935 -136.932  120.298  -72.867  113.203  -73.245
829  169.978   15.240 -146.364   49.009  179.893 -142.406  120.994 -166.831  125.681  -74.222
830 -174.253 -164.685 -142.410   42.718  171.500 -143.669  118.812  -70.772  128.066  -50.672
831  172.424   11.339 -142.826   51.300  164.605 -138.060  104.025  148.329  110.929  -51.821
832  169.641   43.833 -125.962   51.838 -169.155 -153.685   85.503  157.679  121.664  -65.933
833  152.457   32.646 -128.211   54.384 -173.450 -136.426   10.577 -164.361   97.662   91.484
834  177.593   59.634 -140.366   51.359 -161.597 -160.775  120.427  147.028   63.496  132.822
835  169.740    4.997 -130.029   44.867  179.024 -136.316   99.933  144.149  128.738  -71.176
836 -178.694   40.339 -135.443   56.450 -116.106 -132.992  146.740 -162.811   78.007  113.867
837 -175.997    1.455 -137.327   48.729 -166.354  143.632  120.462  146.367  120.916  -73.944
838  162.791   62.344 -134.934   46.536  179.954  147.930  118.105  152.031   89.312  160.972
839 -176.332    7.701 -155.205   55.192 -177.265  167.740  106.254  126.764  109.044 -170.125
840  172.188   12.652 -138.605   56.710  168.148  156.022  114.951 -155.710   82.814  101.048
841  165.987   32.739 -142.358   53.867 -146.229  156.209   36.436  172.630  121.079  -93.524
842  153.975   29.680 -141.105   54.894 -159.922  158.094   97.305  168.985  112.309  132.492
843  164.475   36.101 -129.817   40.398 -146.073  135.460   53.850  168.124  107.533  124.472
844  167.900   45.570 -130.806   58.119 -152.517  156.031   24.976  164.074  135.067 -131.945
845  173.826    5.542 -135.381   49.782 -168.848 -136.923  123.710  129.259   99.542  -43.765
846  179.807   -0.158 -140.844   55.546 -176.561 -157.829  107.890  162.419  120.186  -75.396
847  165.364   29.235 -139.660   46.623   -4.833 -133.945   77.979  166.958  122.454  -75.362
848  179.649   27.275 -142.728   61.416 -156.842  150.393  103.115  159.760  119.644  -76.071
849  178.330   17.032 -136.638   57.705 -176.096  145.647  117.402  141.083   94.575  155.058
850  175.585   51.367 -124.473   62.338 -138.230  153.728  121.631 -173.996  121.095  -94.789
851 -172.223  140.453 -134.984   43.114 -171.824  176.081   93.812  174.594  110.699  -61.503
852 -164.362   64.201 -138.801   60.036  179.763 -158.231  124.295  -78.350   87.322  107.724
853 -179.033   43.397 -148.794   55.350  170.825  144.173  117.238 -173.727  117.405  139.398
854  166.852   53.962 -140.354   49.650 -154.483  135.635   34.669  166.211  126.514  116.198
855  169.231   30.262 -139.364   40.483 -173.978  149.964   26.449  164.498  119.727 -103.522
856 -149.448  171.514 -145.669   48.201 -154.527  158.068  151.853  -68.535  112.328  -95.709
857 -179.814  152.067 -135.731   50.675 -174.119 -154.604   84.123  130.741  120.106  -92.394
858  175.710   17.727 -138.111   53.294 -148.622 -136.388   -5.885   89.207   95.273  134.330
859  169.967   37.338 -144.324   53.382 -153.204  149.891  137.576 -143.160   86.625  124.240
860  157.918   42.641 -131.591   51.986 -178.617  151.060   93.975 -126.727  112.850  -89.111
861  148.155   42.623 -135.883   48.715 -150.326  137.622  113.632  154.737  111.727  -63.028
862  155.840   67.143 -132.942   43.443 -169.361 -165.546  124.114 -140.560  114.278  -80.793
863 -167.251   61.255 -139.200   46.389 -167.688  166.898  125.010 -135.871  130.569 -103.447
864  142.080   40.154 -138.517   53.370 -160.940  169.538   26.817  164.397  121.612  -82.332
865  164.698   46.428 -130.608   59.940 -155.020 -146.141  102.883  140.011  112.682  -74.447
866  172.399   38.305 -145.513   67.461 -174.646  138.488   42.046  165.138   81.943  105.105
867  159.536   38.458 -133.621   43.994 -155.410  161.101  126.996 -157.443  100.897  -61.729
868  166.579   41.874 -133.345   49.446 -165.316  145.536  127.702 -148.758  108.060  -73.407
869  166.832   19.846 -147.244   58.027 -153.529  146.596  146.101 -139.779  112.075  -80.207
870  175.701   17.227 -135.786   54.813 -164.111  153.611  117.490  -73.596   87.174  171.287
871  154.190   29.771 -141.496   52.629 -169.637  160.300   27.115  169.438  120.115  -76.019
872  165.913   49.899 -130.939   45.236 -174.609 -160.498  122.572  174.852  122.498  -92.349
873  179.638   71.695 -161.737   62.418 -150.574  129.062  119.714  -55.206  114.625  -79.088
874  176.079   62.543 -141.690   44.244  176.845  123.958   36.102   71.481  119.658  -78.289
875  153.804   33.784 -136.299   41.436  167.599  138.453   42.372  159.599  109.000 -102.978
876  153.621   34.850 -134.194   52.235 -149.012 -154.963   28.051  177.779  109.714  -57.970
877 -176.723   24.682 -132.224   26.075  145.911 -136.020   44.381  166.460  101.503  144.781
878  148.886   53.095 -125.918   41.763   16.596 -139.107  123.913  -73.583  110.349  -76.828
879  165.088   27.053 -136.384   47.334   13.866 -149.850  133.420  -51.943  118.586 -153.541
880  169.500   27.338 -120.492   48.460 -125.815 -155.385  -16.537 -156.764   80.487   78.652
881  162.838   80.466 -138.880   52.709   -5.113 -111.668  114.325 -175.014  119.916  -72.413
882  142.700   85.613 -139.946   53.580   -8.086 -142.434  124.521  119.000   97.502  -57.879
883  149.405   74.916 -126.735   51.795    2.200 -144.887   58.374   44.133  104.768  -72.163
884  172.962    5.652 -130.222   59.904  -34.189 -143.594  118.471  134.212   97.946  -55.051
885  168.658   47.648 -121.904   56.488  172.403 -141.131  166.052  104.881   54.793   51.006
886 -173.471   -1.875 -152.811   45.440 -167.413 -135.736  120.716  157.129  123.744  -54.210
887  179.000  -12.515 -129.587   43.250   32.383 -113.877   98.368  160.681  129.648  -65.400
888  167.234   19.098 -126.479   46.280  172.247  151.006   51.953  149.091  104.909  -81.779
889  156.047   63.001 -125.861   41.326 -175.305 -141.550   93.418  149.483  115.246  -79.367
890  144.065   75.981 -128.285   31.949  153.094  150.444  116.322  -81.282  133.963 -106.578
891  166.493   61.804 -136.947   64.202 -164.159 -149.554  120.396  152.801   98.603  -45.420
892  161.987   66.681 -138.330   57.230  166.597  130.629  122.399  155.900   84.459  164.057
893  169.118   64.618 -144.023   44.245  162.881  161.003  127.405  142.167  109.522 -102.990
894  165.449   14.850 -161.251   57.387 -160.262  140.570   53.885   65.041  136.001 -132.139
895  143.896   75.268 -143.040   67.331 -168.644  152.251  128.163  125.498   74.704   64.924
896  169.430   13.814 -130.920   55.697 -161.814  178.691  112.651  141.023  124.549  -66.680
897  156.289   16.724 -145.164   49.136 -177.620  133.145  123.093  -66.616  114.117  -75.129
898  149.076   46.595 -129.466   37.924 -175.288  149.791   85.183 -123.233  124.007  -72.024
899  151.731   36.867 -134.487   41.788 -163.178  139.013  128.667 -162.991  123.838 -106.729
900  168.172   29.441 -147.513   57.185 -178.603  142.860   39.575   79.996  121.551  -92.360
901 -157.006  172.569 -144.088   39.868 -168.682  131.365  111.330  -92.574  123.576  -69.384
902  162.703   26.395 -127.927   43.763 -169.202  118.771  120.155 -162.247   83.534   93.688
903  169.768   -0.381 -131.286   50.486 -164.691  144.201  137.568 -155.439  114.076  -62.255
904  152.932   53.292 -118.289   34.272  168.542  159.101  109.452  -77.775  108.572 -139.604
905  157.408   37.565 -151.863   57.013  177.918  -44.942  108.298  174.497  110.303  -89.734
906  172.550   17.017 -144.432   54.223 -168.295  -30.093   19.314   67.913   96.325  115.871
907  132.570   52.631 -133.185   53.879 -145.957  -41.497  111.590  -73.378  112.095  -89.483
908  147.251   42.623 -137.340   48.976 -168.395  -28.309  129.673 -136.427  104.362  -84.194
909  169.297   24.134 -131.008   55.846  -98.153   36.019   82.535  178.677   99.510  -79.389
910  138.778   52.123 -120.722   49.677 -168.114   40.137   21.707  163.537  119.216 -104.253
911  179.336    9.597 -128.771   44.934  171.375   51.325   26.471  158.842  116.880 -110.031
912  176.115   16.705 -140.227   52.159    6.716   38.166   51.118   56.342   86.073   50.929
913  170.795    8.071 -136.671   43.670   -7.440   27.166  142.116  -56.494  104.809  -57.063
914  173.832    5.015 -118.374   40.523   -0.173   51.653   30.846 -177.854  120.551  -61.576
915  151.025   43.626 -130.220   56.548  -22.538   33.465  115.161 -179.014  110.070  -71.967
916  174.051  -15.713 -129.511   46.385  -19.199   45.392  106.106  170.905  117.415  -66.770
917  160.596   43.889 -135.268   44.062  -30.556   36.478   21.149   62.120  119.430  -38.092
918 -177.343    6.494 -134.159   43.058   -3.801   52.185   50.239   57.440  122.043 -110.226
919  141.689   43.126 -135.179   45.808  -34.565   43.699   36.071  127.210  122.993  -92.681
920  161.186   24.068 -121.230   43.933  -39.833   45.697   27.167  148.252  110.828  -65.785
921  144.490   62.378 -116.019   35.633  -19.565 -142.419   15.622  176.045  107.445  -57.703
922  145.674   38.322 -142.343   39.597 -151.583 -136.943  105.633 -102.897  121.148  -88.375
923  164.461   37.037 -128.335   45.533 -153.460  140.228  116.277  160.843  116.185  -74.253
924  159.612   26.861 -137.880   44.286 -167.235  159.453   61.437  140.036  146.335 -108.741
925  161.613   20.693 -132.403   46.291 -167.937  163.588  119.101 -171.392  130.495  -91.058
926  148.244   29.133 -132.930   33.185 -158.559  158.507  111.269  177.490   91.319  128.551
927  171.348   25.805 -123.184   29.991  174.857  145.524  128.055 -179.239  123.864  -72.344
928  135.576   36.432 -116.889   29.263 -165.072  129.625   15.745  173.572  124.275  -68.464
929  151.668   42.356 -127.840   34.177  172.540  161.766   10.249   76.540  126.960  -46.148
930  156.872   28.410 -136.839   56.363 -160.190  128.059   60.893 -169.835  122.859  -87.667
931  172.956   43.351 -135.024   43.136 -155.821  134.159    3.708  166.573   58.184  110.837
932  154.455   49.259 -137.569   48.618 -167.968  132.607  142.832  174.662   80.760   80.126
933  162.407   43.026 -117.996   49.024 -155.134  154.038   76.527  162.346  111.986  -69.386
934  151.643   36.281 -127.099   47.721 -131.814  137.170   21.881  173.614  121.764 -112.538
935  160.024   59.213 -138.684   53.211 -161.048  139.758  122.997  146.744   99.103  -87.641
936  142.931   46.024 -130.445   39.888 -149.520  156.773  119.739 -167.337  118.728  -85.841
937  153.670   53.726 -128.162   50.339  176.680  113.390   38.163  160.976   77.969   99.969
938  169.863   34.749 -133.537   46.878 -158.466  144.149  113.842 -176.747  122.803  -63.913
939  153.233   38.898 -124.255   49.164 -179.680  124.164   10.041   80.123   83.584  105.872
940  167.115   55.794 -132.545   29.203 -171.530  144.992   51.591  161.329  121.796  -93.273
941  158.985   28.873 -121.929   41.673 -170.195  155.104   42.451  168.914  123.573 -108.673
942  156.905   21.053 -126.980   41.097 -171.726  144.293   -3.011   75.440   87.276  121.151
943  158.553   33.366 -131.855   45.223 -161.077  143.950  137.462  160.111   87.675  102.522
944  167.669   15.657 -129.973   41.965 -158.261  141.335   35.853   59.926   80.444  105.542
945  158.881   14.866 -134.905   55.875  159.781  137.440   22.121  160.315  119.148  -83.617
946  135.413   41.246 -135.431   50.564 -165.363  142.127   17.329  159.075  125.088  -64.713
947  154.080   40.752 -135.442   42.843 -161.089  140.025   40.615   59.694  121.827  -76.573
948  149.439   35.827 -134.644   48.795 -164.548 -137.687   62.707  147.816   81.968   93.873
949  171.065   26.974 -119.134   36.128 -169.906 -140.879   34.778  161.072  120.294  -47.711
950 -176.758   -1.754 -153.537   62.353 -175.209 -164.766   39.327   85.140  120.607  -62.313
951  141.842   57.416 -130.459   50.465   81.760 -156.274   36.731   70.201   90.378 -111.035
952 -167.469  154.134 -145.748   55.076 -171.279 -163.517  108.305  142.730  130.027  -89.717
953  132.951  133.301 -166.723   61.720 -173.557  179.005  113.615  -59.600  141.086  -50.552
954  -63.522  136.837 -150.804   64.287 -143.555  167.613  126.737  -65.455  126.175  -75.507
955 -169.920   95.570 -129.128   46.970 -157.019  149.626   17.487   64.957  130.009 -102.064
956  132.620   60.489 -127.205   45.417 -150.810 -151.725   15.325  160.478  122.797 -107.365
957  154.767   67.076 -146.075   62.538 -161.281  149.145   56.235   94.238   73.640  112.141
958  148.500   55.944 -140.190   46.268 -147.086  145.667  115.708  146.944   62.392  113.339
959  153.293   34.842 -123.939   34.574 -176.228  158.690   31.293   68.174   76.450   87.845
960  173.965   29.660 -132.997   40.808 -174.772  151.169  104.970  161.076  115.989  -77.695
961  165.741   12.396 -146.457   40.587 -163.815  159.326   89.415  157.316  109.851  -69.413
962  173.427   54.883 -128.838   42.345 -179.328  143.956   36.624  159.968  127.648  -53.835
963  162.339   36.662 -137.536   41.120 -168.822 -146.284  120.423  -79.274  143.055 -124.633
964  160.884   24.031 -133.530   53.692 -149.408  161.991   13.974   83.522   95.173  103.444
965  175.254   34.251 -135.278   35.121 -176.662  141.134   61.155  160.849  122.572  -77.255
966  173.695   45.098 -130.379   36.046 -125.942  128.625   39.788   70.234   84.049   83.413
967  161.418   41.869 -140.682   60.239 -148.006  176.228  124.572 -159.845  102.527  -67.046
968  165.714   33.049 -137.285   36.756 -169.889  162.879   51.222  160.391  120.293  -89.331
969  163.802   18.429 -132.262   28.137  166.814  153.378   63.230  162.890  126.600  -95.660
970  134.586   31.892 -137.900   49.034 -161.774  144.615   39.155  150.319  113.297  -83.881
971  165.514   23.533 -134.677   55.466 -138.176  140.270   24.331   71.241  114.427  123.256
972  173.265   20.406 -136.839   36.706 -147.560  137.590  128.854 -159.261  103.859  179.180
973  143.889   31.120 -144.230   43.792  176.433  149.339   64.027  164.894   95.927  129.605
974  175.476    9.078 -150.351   47.749 -178.471  157.367   53.636   97.868   98.737  104.420
975  151.566   39.489 -137.590   39.814 -144.994  163.006   16.602  169.233  128.590  -57.034
976  159.591   40.190 -133.902   43.684  164.491  150.927  134.643 -157.173   68.454  121.796
977 -173.866  133.285 -146.039   44.956  171.891  146.887  133.006  -73.560  108.296  -60.813
978  161.541   45.945 -132.548   45.569  167.117  144.777   27.544   74.418  116.437  -60.375
979  147.789   25.311 -128.442   49.348  176.536  154.896   93.045  152.144   95.139  -87.313
980  140.736   32.034 -145.052   43.479 -160.501 -153.538   38.754   75.904   77.505  121.387
981 -161.140 -177.171 -145.307   52.817 -164.530  -18.941  124.054  -63.676  113.201  -82.735
982  144.786   50.421 -141.499   43.124 -171.492  -30.087   43.824   54.452  137.273 -132.693
983  161.585   39.007 -136.223   49.889 -172.580  -33.929   24.397   69.869  132.209  -34.103
984 -179.967   92.616 -132.839   43.335 -168.744  -30.487   16.732   63.467  122.875 -115.061
985  147.755   36.820 -126.101   45.282 -170.219  -32.301   62.676 -155.751  113.948  178.875
986  152.486   38.811 -132.809   52.921 -167.161  -28.064   13.272   67.255   75.259   89.544
987  176.868   38.123 -127.984   48.141 -159.623  -18.223   99.050 -175.463  115.474  -76.464
988  172.319    9.548 -135.561   45.883 -154.333  -32.358  125.497 -176.426  121.385 -104.150
989  155.182   30.790 -118.470   36.708 -178.803   -5.712    8.480  173.020  137.946 -108.931
990  177.375   29.234 -141.460   48.751 -174.220  -30.032   -0.655  151.608  128.363  -71.587
991  151.030   38.409 -139.971   49.435 -135.167  -43.195   38.615   59.858   68.853  125.931
992  151.966   24.550 -120.987   43.559 -173.180  -41.793   95.265  171.774  129.341  -91.079
993  158.014   27.460 -128.292   40.246 -151.319  -23.085   96.072  145.016   75.226   93.139
994  154.249   23.614 -120.882   38.432 -155.075   35.257   -5.947   93.001  133.633  -94.126
995 -165.920   64.092 -130.328   50.174 -166.838  -31.619   -8.298   88.784   73.812   37.676
996  167.652   13.943 -149.454   41.314  173.811  -14.339  115.908  174.021  119.285  -50.446
997 -167.396   12.597 -142.092   53.958 -174.250  -32.013   87.779  138.492   96.857  112.410
998  161.381   22.621 -134.485   56.278 -156.081  -39.912    8.207  175.639  120.276  -81.532
999  172.765 -146.150 -150.329   54.453 -155.024  -30.124  128.447  133.553   38.519  130.360
1000  164.512   41.822 -145.522   63.569 -145.740  -46.319  121.127  173.445  102.152   96.506
