## Torsion are defined with the following atomIDs:
# dihed1: ai= 13335 aj= 13334 ak= 13330 al= 13331
# dihed2: ai= 13329 aj= 13328 ak= 13326 al= 13313
# dihed3: ai= 13328 aj= 13326 ak= 13313 al= 13318
# dihed4: ai= 13323 aj= 13324 ak= 13340 al= 13341
# dihed5: ai= 13333 aj= 13332 ak= 13338 al= 13339
# dihed6: ai= 13330 aj= 13331 ak= 13336 al= 13337
# Frame#   dihed1   dihed2   dihed3   dihed4   dihed5   dihed6
0  -35.140 -153.722   65.931 -121.356   20.429  -92.785
1  -62.972 -120.675   71.284 -142.756   -1.095 -113.845
2  -49.839 -120.565   70.655 -160.502  -25.361 -103.320
3 -116.062 -131.035   77.919 -137.543    7.309 -100.135
4   -9.882 -131.183   72.884 -157.442   -4.583 -128.062
5 -133.509 -136.532   82.406 -152.150 -103.285 -142.598
6  -23.713 -138.368   75.021 -143.245  -12.137  -90.310
7  -52.732 -138.214   78.521 -150.164   23.635  -85.702
8  -45.774 -142.761   75.604 -160.305   24.014 -151.962
9 -113.076 -131.957   84.178 -144.311  -14.339 -127.912
10  -72.788 -129.232   66.407 -142.154   22.856 -115.156
11  -53.950 -136.144   64.551 -146.072   55.206  166.393
12   45.895 -140.634   91.978 -143.494   15.974  121.695
13 -105.360 -144.419   83.404 -152.187   18.364  154.711
14 -102.888 -136.399   73.549 -160.968   42.769 -161.991
15 -106.698 -139.778   89.658 -138.248  -10.035  -24.988
16  -72.860 -120.368   77.347 -165.894   25.286  173.114
17  -42.615 -140.857   66.064 -143.380   40.128 -102.435
18  -25.953 -130.145   73.333 -145.395   38.357 -136.058
19 -103.232 -140.953   79.345 -132.757   12.441  -22.919
20  -27.691 -114.104   75.072 -136.299   24.203 -127.338
21  -47.725 -138.116   97.857 -143.671   -0.968  142.568
22  -20.322 -163.138   62.826 -154.260  -35.641 -112.334
23  -26.181 -143.425   62.966 -148.589  -30.376 -106.229
24  -57.313 -153.484   70.782 -138.627   46.082 -178.185
25  -55.334 -143.161   83.964 -133.635   19.041 -113.554
26  -30.641 -151.208   79.782 -150.728  -53.504 -115.779
27  -21.305 -150.206   66.493 -147.013    6.316  -99.179
28  -27.425 -141.393   83.572 -138.972   -3.583 -104.876
29  -32.390 -134.521   70.474 -152.271   40.044 -123.247
30  -33.494 -148.455   79.500 -150.524   27.031  -90.234
31  -60.618 -149.463   70.578 -143.238   12.271  -97.734
32  -36.314 -134.441   88.368 -137.916    0.144  -82.031
33  -15.519 -144.844   81.546 -157.831   43.692 -125.327
34  -18.828 -144.650   67.880 -133.621   12.249  -96.708
35  -40.250 -147.250   80.566 -151.098   19.527 -175.815
36  -47.028 -146.475   70.643 -138.260   40.361 -172.204
37  -59.730 -139.714   83.953 -149.429   15.200 -141.228
38  -43.699 -132.178   77.613 -145.731   35.051  -99.800
39  -43.971 -140.214   73.703 -138.474   -7.114  152.099
40  -23.933 -130.257   70.543 -156.398  -21.009 -156.346
41  -32.510 -146.731   75.657 -146.736   51.605 -131.135
42  -50.882 -141.519   84.303 -150.040   51.197  -85.942
43  -20.754 -125.685   67.573 -139.003   26.729 -106.456
44  -43.164 -152.033   87.635 -154.665  -21.880  -81.700
45  -21.721 -135.061   94.330 -139.423  -25.635 -115.180
46  -63.484 -151.943   85.485 -138.467   -9.867  -72.516
47  -22.436 -139.869   81.723 -144.411  -18.900 -117.775
48   40.202 -142.092   79.951 -158.724   -9.460 -132.526
49  -57.190 -144.786   75.576 -155.413  -16.909 -123.284
50   -0.042 -141.523   91.670 -136.869  -21.840 -112.712
51   26.096 -161.783   98.561 -137.339   10.854   97.054
52   57.366 -149.460   83.851 -134.683  -20.940  106.874
53   -2.457  160.158   98.358 -133.827   38.848 -118.366
54  -14.027 -144.886   82.925 -143.961   -7.322 -103.380
55  -69.550 -149.861   82.983 -147.596 -107.952  -96.404
56  -56.545 -138.126  102.656 -138.750   -1.800 -124.081
57  -17.208 -155.205   85.277 -132.488   18.865 -108.025
58  -56.546 -134.563   78.178 -141.689  179.178  -63.877
59  -20.122 -141.214   82.831 -134.883   10.200 -114.342
60   -9.829 -139.504   66.559 -142.844   -5.939 -111.797
61  -44.080 -141.395   86.989 -135.545  -35.556  179.787
62   -3.166 -149.079   82.815 -150.318   -6.256 -124.075
63  -67.558 -156.516   98.603 -137.403   -7.606 -146.652
64  -65.124 -148.423   87.835 -127.987  -13.867 -108.286
65  -33.122 -155.366   80.129 -136.065   -1.228 -106.595
66    2.669 -138.279   86.562 -144.824   -4.173 -135.491
67   13.073 -141.916   86.303 -132.066  -41.201  105.346
68   16.556 -140.179   99.659 -139.025  -19.851  108.833
69  -34.046 -145.730   84.614 -154.135   14.966 -104.893
70  -64.222 -141.957  111.546 -162.125    0.731 -134.119
71   40.618 -136.715  106.096 -162.636  -35.021 -121.717
72  -53.979 -145.442   73.143 -139.451  -70.785 -110.831
73  -74.450 -166.233   78.173 -145.161   23.199  -43.915
74  -69.187 -146.123   91.518 -138.625  -18.502 -137.384
75  -32.059 -156.018   77.720 -157.739  -28.216 -103.673
76  -76.332 -136.649   80.040 -150.563   -2.515  -71.659
77  -85.088 -113.985   61.229 -148.670  143.726  -35.935
78  -50.786 -141.121   81.834 -146.098  -11.561  -61.374
79  -65.641 -143.105   80.869 -137.918  -17.425 -110.517
80  -50.281 -152.752   94.840 -125.841   16.287  -95.881
81 -104.141 -132.605   66.714 -143.621  -46.478  -16.124
82  -39.145 -156.422   82.472 -147.492   14.641 -102.421
83  -44.652 -143.061   69.011 -148.359    0.902  -93.824
84  -70.576 -153.073   80.062 -135.656   -2.420 -141.804
85  -43.028 -146.535   83.561 -135.771  -19.931  -98.632
86  -21.859 -160.552   82.188 -137.649    8.567 -120.828
87  -66.652 -142.913   77.276 -149.897  -44.892 -144.273
88  -42.909 -146.357   79.078 -140.653  -14.744  126.866
89  -40.735 -169.028   92.731 -149.118   36.750  -85.897
90  -61.905 -144.824   72.689 -142.873   57.176  -88.582
91  -68.149 -158.305   80.892 -134.503   88.422  -38.229
92  -51.157 -147.748   71.143 -158.688   83.930  -44.892
93  -69.915 -132.799   68.413 -145.154   13.381  -60.211
94  -72.713 -134.071   67.739 -166.241   15.535  -57.203
95  -73.272 -134.997   67.424 -155.886   44.502  -45.332
96  -99.625 -139.408   95.822 -130.865  -33.732 -164.927
97 -101.810 -152.030   74.852 -138.945   58.884  -25.942
98  -41.734 -145.207   90.383 -133.147  -28.398 -137.162
99  -77.084 -130.539   72.408 -149.605   -1.727 -171.010
100  -69.948 -144.640   76.030 -138.745    2.054 -101.469
101  -66.410 -157.534   79.291 -157.509   -9.186  -33.819
102   17.108 -146.653   79.919 -141.472    1.909 -112.598
103  -51.890 -167.354   92.432 -137.087 -170.554  -70.592
104  -33.180 -157.209   80.049 -149.800 -167.520  -83.447
105  -36.880 -170.458  128.393 -111.630   -3.685  -96.764
106   -4.351 -154.921  121.017 -109.758  -25.846 -114.866
107  -34.451 -157.229  128.969  -89.537  -25.408 -109.867
108   -4.648 -148.362  124.311  -79.259  -38.817 -115.527
109  -40.954 -150.186  114.555  -97.897  166.724  -57.939
110  -58.307 -155.972  131.792 -108.951    9.147  -93.573
111  -59.186 -118.560   98.813 -104.604  -53.376  150.886
112 -133.766 -134.686  118.379  -84.838  179.949   57.772
113  -69.149 -125.592   84.934 -105.010    9.176  -65.975
114  -77.315 -140.086   72.322 -140.889   21.863  -46.124
115  -62.200 -136.449   79.227 -125.899   13.673  -70.289
116  -61.287 -145.999   74.063 -130.809  -12.956  -76.288
117  -32.464 -140.697   69.080 -144.091   16.370 -114.351
118  -12.180 -141.771   74.912 -126.914   34.596 -123.942
119  -21.137 -128.313   81.737 -144.456   13.151 -104.711
120  -56.875 -153.078   87.574 -132.708   -2.997 -117.161
121  -27.491 -136.817   67.869 -140.359   23.561 -132.077
122  -64.293 -144.617   80.593 -131.725  118.073  -64.372
123  -34.392 -139.630   74.739 -142.987   31.279 -109.122
124  -62.751 -142.303   77.921 -138.000   27.481 -167.032
125  -51.118 -137.391   89.521 -147.461   -6.959 -111.397
126  -42.160 -145.104   80.699 -135.963   27.808 -108.335
127  -61.917 -149.901   84.020 -148.458  -19.127 -105.637
128  -21.232 -165.600   99.075 -137.144   22.080  -96.464
129  -61.827 -137.184   66.976 -143.007   -5.743 -139.943
130  -52.528 -165.370  132.057  -91.215   -2.677  -92.514
131  -75.563 -117.554  108.784 -109.468  133.849  -53.769
132  -53.845 -146.994   98.898  -78.070  -25.061  -78.346
133  -54.353 -150.643  118.072  -96.930   -3.044 -126.787
134  -13.380 -147.045  113.115 -102.923   11.274 -118.826
135  -27.296 -175.010  112.980 -110.468 -107.892  -80.287
136  -57.502 -123.545   98.627  -88.791    9.101  -89.799
137  -66.743 -140.043  114.202 -105.649    0.960  -90.697
138  -32.676 -129.998   77.208 -105.398    2.525 -136.139
139  -12.679 -140.520  109.640 -135.898  -47.086 -142.647
140  -77.360 -151.242  105.993 -131.809   -7.262 -130.667
141  -60.141 -100.908   88.146 -111.996   15.965 -116.434
142  -82.833 -141.547   77.924 -151.994   57.651 -103.133
143  -65.603 -103.404   94.295 -124.172   24.547 -162.497
144  -76.799 -118.417   81.270 -172.264    1.051 -105.439
145  -42.693 -120.586   84.514 -132.505   20.595  -85.099
146  -87.458 -145.907   78.039 -128.888   -9.833  -49.957
147  -61.590 -143.565   90.210 -137.346   19.648  -85.566
148  -74.268 -120.862   82.950 -148.515   20.666  -65.615
149  -61.975 -137.097  110.022 -122.718   21.801 -135.271
150  -72.979 -145.219  103.146 -135.032   -1.792  -59.269
151  -77.236 -127.449   83.479 -129.107   42.874  -56.080
152  -23.724 -127.321   97.637 -120.068  -26.284 -120.974
153  -49.887 -143.587  101.970 -134.384   15.462  -82.144
154  -42.305 -134.935  104.151 -130.923    7.311  -96.502
155  -44.805 -138.955  101.964 -139.834  -30.964  -83.956
156  -37.630 -151.625  107.349 -151.265   -4.500 -120.764
157  -51.481 -133.703   85.909 -117.500    6.524  -64.314
158  -41.459 -145.788  100.343 -137.512   23.595 -116.735
159  -42.362 -131.853  108.487 -134.202  -62.410  169.605
160  -65.733 -147.348  111.921 -131.359  -27.804 -129.860
161  -71.018 -145.354  106.137 -135.844 -165.411  -65.064
162  -79.511 -145.495  107.450 -147.220   34.871 -119.904
163  -50.364 -142.191  128.553 -138.555  -29.806 -120.110
164  -77.950 -137.177  101.526 -132.318   -4.206 -104.303
165  -74.267 -118.187   94.990 -134.036  -20.736  -63.038
166  -78.728 -145.220  124.663 -140.564    1.315  -66.630
167   10.711 -156.607  112.110 -110.323   31.001 -104.883
168  -31.487 -161.922   86.895 -153.713   21.596 -109.447
169    0.701 -153.466   98.558 -129.412   18.853 -104.140
170   43.214 -149.620  120.745 -128.077   20.870 -116.476
171   47.214 -160.000  125.068 -127.457  -13.114 -109.509
172   74.124 -147.736  121.546 -139.296  -38.794 -107.831
173   44.169 -164.891  129.603 -115.982    9.261  -98.905
174  -22.533 -155.501  126.397 -124.304   57.226 -127.325
175   -7.311 -138.866  117.264 -127.164   10.033 -116.290
176  -31.456 -133.832  118.305 -109.191  -13.607  115.702
177  -49.799 -145.714  103.306 -123.645   -7.765 -101.070
178  -46.568 -131.332  101.475 -136.264   -0.479  -87.677
179  -56.098 -139.239  103.293 -127.304   -3.673  -93.246
180  -53.191 -146.540  108.802 -134.217    3.984  -72.165
181  -26.591 -143.697  106.245 -125.855   32.053  -82.934
182   -1.923 -142.027  117.030 -129.191  -14.418  116.960
183  -61.308 -161.418  114.739 -125.636   -8.621  -50.051
184  -91.244 -155.324  125.961 -133.046  -12.588  -77.805
185  -49.709 -130.202  101.092 -139.041  -20.409 -104.148
186  -50.069 -151.688  115.712 -130.562  -41.483  -61.978
187  -68.201 -154.083  121.976 -129.663    1.185  -70.138
188    1.019  177.518   94.515 -115.915   27.267 -113.616
189   39.440  178.637  100.726 -132.383 -106.384 -141.972
190   63.719 -160.458   86.259 -129.623   40.715   50.026
191   84.450 -168.072   59.213 -145.029  -47.046   44.250
192   58.593  165.666   91.924 -128.989   16.293   54.790
193   40.048  157.618  104.896 -126.243   32.219   78.447
194   68.467  179.945   86.870 -128.901  -16.212   64.030
195   56.089  161.330  108.309 -127.995   25.625   73.581
196   32.028  174.230   83.837 -111.796  -13.164  103.159
197   51.421  179.449   77.944 -127.362   -9.707   69.795
198   47.240  158.679   95.376 -119.930   75.432  144.658
199   77.414 -151.706   68.765 -128.474   24.381   59.475
200   61.070  163.062   90.775 -113.701    0.418   67.873
201   62.728 -166.481   85.327 -123.364   -1.051   92.242
202   44.830 -144.817   78.211 -130.304   21.096   27.658
203   77.742 -173.605   84.470 -112.469   71.958   61.833
204   51.542  171.649   92.701 -120.796   10.224   67.840
205   41.507 -162.874   92.744 -131.716   52.777   69.170
206   48.007 -169.907   72.834 -137.415   32.494  132.715
207   64.304 -175.447   80.228 -108.855    5.323   60.493
208   52.644  167.545  103.758 -130.146   30.705   97.824
209   65.286 -175.391   82.810 -122.192    2.023   80.401
210   58.071  166.399   94.752 -126.914  128.624   91.386
211   52.239  170.192   92.238 -125.089  156.985   82.270
212   34.777  179.106   96.534 -137.055   17.486   87.158
213   89.890  170.971   86.594 -131.858  -14.587  108.286
214   17.466 -160.501   91.373 -116.995   -0.674  122.199
215   35.506 -169.594   81.909 -132.379   -5.776   90.360
216   31.733  161.454  100.114 -139.565   29.758  104.974
217   58.050 -170.210   82.806 -101.785   56.600   64.187
218   39.993 -174.776   81.385 -111.407   44.331   98.504
219   40.708 -171.388   81.381 -126.801   80.686  162.312
220   47.048 -157.086   63.418 -141.716   12.926   72.285
221   53.578  153.301  100.519 -122.437   11.793  127.505
222   57.021  158.776   88.984 -114.317  -27.020   55.747
223   38.984  169.306   87.903 -121.675  -23.887   90.475
224   86.977 -177.768   73.098 -125.803 -109.948   68.517
225   53.577  157.502  112.371 -117.875  -67.946   95.803
226   49.631  149.641   92.921 -102.742  -31.275  102.030
227   25.319  177.393   83.037 -129.679  -32.860  104.290
228   41.623 -148.519   90.376 -110.781   -0.423   92.740
229   45.032 -164.926   69.296 -113.843   25.966   87.213
230   29.497 -159.829   76.629 -129.155    8.894   83.184
231   54.526 -139.426   68.679 -129.957   42.484   74.645
232   40.867 -166.462   78.717 -130.402  133.235   73.942
233   45.726 -146.645   80.719 -119.986   81.889 -165.934
234  -20.811 -156.719   77.143 -128.987  -39.807  117.325
235  -56.057 -145.420   75.965 -123.898   -0.660  129.533
236  -97.078 -161.239   81.080 -138.427   67.159  103.064
237   23.955 -138.846   69.715 -132.365   14.540   86.830
238  -56.757 -165.509   79.076 -114.985   13.017  126.458
239    8.882 -172.627   79.692 -124.688  -13.252  114.444
240   -2.046 -167.542   84.132 -118.699   22.648   96.465
241  -64.397 -173.393   79.229 -140.808  116.773  131.726
242   -9.315 -137.807   81.327 -105.274    1.549  103.138
243   52.796 -156.025   82.133  -89.562  -36.258  170.224
244    8.550 -154.511   78.386 -139.490    4.452  103.914
245   34.428 -151.828   60.000 -120.254  -33.721  131.036
246   47.240 -166.959   83.860 -116.627   -9.714   82.228
247   67.783 -169.659   80.263 -124.483  145.740   74.043
248   50.346 -159.754   64.346 -126.479   42.719   74.120
249   17.036 -153.257   69.979 -107.116   30.159  111.205
250  -45.416 -145.955   94.541 -108.653   -7.239  119.720
251  -66.622 -141.137   86.970 -115.616  -24.977  144.058
252  -67.859 -137.922   84.876 -124.643   -4.060 -112.692
253  167.546 -126.174  118.401 -116.311 -102.672 -127.293
254 -166.058 -144.991  126.961 -112.490  -10.822  -94.264
255  173.393 -122.541  112.383 -138.904 -134.514 -109.949
256  -57.768 -136.685  117.179 -116.207  -28.135  -69.344
257   48.787 -166.946  122.825 -140.198  -20.605 -143.781
258  -14.727 -150.272  128.411 -115.936   11.291 -103.072
259  -66.252 -151.726  134.318 -106.415  -57.457  -49.172
260  -67.922 -139.637  121.943 -136.750 -115.314  -70.130
261  -53.915 -144.305  107.446 -128.897   -6.861  -92.429
262  -77.537 -129.524  115.280 -119.498  -24.692 -126.213
263    5.365 -176.008  115.671 -125.171  -25.976 -115.246
264  -44.391 -134.148  114.729 -124.288  -31.850  -68.146
265  -42.734 -153.065   92.439 -135.153    1.390  -86.515
266  -52.448 -145.841  123.655 -139.129  -18.301  -89.928
267   -7.413 -135.287   98.523 -137.789   -2.770  -99.580
268  -68.930 -143.505  114.562 -127.585  -20.493 -123.706
269  -64.110 -148.646  119.849 -128.180   -0.855  -42.954
270  -67.261 -162.625  116.682 -133.739  -59.886  -55.619
271  -43.754 -139.537   95.896 -147.664   49.845  -70.784
272  -61.917 -143.246   99.564 -133.489   -3.161 -134.342
273  -64.261 -141.446  130.293 -127.959  -40.363  -83.902
274  -55.304 -159.935  131.168 -124.082    0.925  -45.301
275  -27.701 -137.491  107.723 -111.684   -6.776  -84.485
276  -77.641 -150.155  116.941 -103.779  -10.327  -47.088
277  -59.802 -150.581  123.051 -124.135  -28.486  174.132
278 -168.345 -154.045  128.432 -120.966    1.764  -65.115
279  -54.507 -145.489  113.143 -128.779  -29.703  132.734
280  -27.480 -154.152  120.879 -136.588  -28.116  124.940
281  -61.746 -131.550   82.904 -146.743   -8.455  -66.671
282  -48.867 -151.097  109.173 -132.849  -36.264  -66.816
283  -81.534 -146.217  117.585 -144.290  -54.076  -55.698
284  -50.846 -155.049  126.334 -130.179  -38.100  -49.361
285  -60.752 -147.462  114.266 -124.888  160.298  -43.962
286 -153.067 -119.664  100.856 -129.591 -149.836  -98.457
287 -142.435 -141.893  123.311 -132.554 -155.504  -62.435
288 -109.777 -140.709  107.350 -132.068 -153.797  -58.476
289 -165.221 -126.795  116.927 -114.175 -147.191  -83.769
290 -145.295  -97.718   89.896 -128.882 -113.643 -109.720
291 -179.874  -74.053   93.616 -135.061 -131.574  -87.459
292  159.693  -74.323   85.406 -114.939 -119.410  -53.158
293  -52.859 -105.750   78.028 -146.003 -175.525  -61.614
294  -83.969 -104.034   71.316 -127.031   20.424  -55.125
295  -82.807 -119.075   73.246 -144.433  -25.834  -88.245
296 -169.893  -98.357  100.985 -121.699 -124.026  -99.010
297  -93.506 -101.308   81.878 -130.531    0.467  -61.304
298 -167.159  -97.153   82.461 -124.346  -50.121  -75.673
299 -141.968 -103.334   81.229 -122.558 -126.274  -44.957
300  167.903  -76.132   87.850 -131.872 -158.653  -77.859
301 -128.880  -86.812   87.108 -117.154  -79.406  -92.138
302 -161.441 -103.502   94.484 -113.350 -159.179  -51.257
303 -138.256 -111.024   72.470 -140.556  -35.414  -93.612
304 -142.886 -127.207  127.427 -137.279 -135.850   23.020
305  -55.705  -97.375   61.035 -146.752   18.703  -48.799
306  -49.713 -137.532   70.282 -144.919   -8.082  -83.212
307  -94.310  -94.922   58.839 -133.719   -3.367  -57.676
308 -155.568  -94.711   81.172 -139.395  179.200  -56.464
309 -165.084  -62.036   82.786 -130.168  -79.442 -136.034
310  171.335  -73.663   75.576 -112.533    5.207  -48.796
311  -89.688 -132.085   77.192 -131.632   41.803  -53.802
312 -176.775  -83.375   88.831 -125.938 -146.158  -69.861
313 -172.605  -76.998   81.715 -115.838 -100.695  -53.875
314 -162.839  -96.162   83.601 -128.209  175.194  -44.389
315 -105.197 -125.001   92.535 -115.904 -122.101  -73.942
316 -121.092 -114.306   79.701 -106.222  146.448  -46.198
317 -169.541  -99.451   88.083 -120.384 -164.977  -68.463
318 -171.637 -112.023   92.322 -129.070  174.423  -56.946
319 -102.452 -123.162   90.041 -125.415   15.221  -33.736
320 -102.575 -104.306   62.258 -138.861    8.740  -46.885
321  -80.514 -125.478   74.394 -125.860   10.273  -20.926
322   43.101 -144.424   75.970 -133.276   20.252   65.277
323   33.330  157.701   95.607 -131.964    1.665   78.443
324   48.930  165.359   88.991 -116.311  -30.135  111.091
325   33.198  157.021   99.505 -135.339  -45.601  117.372
326   30.601  158.572   84.598  -82.628  -45.071  131.281
327   10.325  145.689   93.205 -120.992  -37.877  127.104
328   29.758  152.027  108.027 -117.027  -59.104  109.640
329   26.664  169.618   83.705 -120.529  -41.724  117.597
330   78.613  163.671   98.364 -122.548  -84.732   82.019
331   47.491  153.875   99.199 -108.023   27.994   81.002
332   81.761  169.468   83.900 -136.124   -6.650  128.912
333   52.214 -176.070   73.293 -136.109  -15.967  117.720
334   29.756  153.971   96.287 -123.301  -48.114   94.801
335   49.994  164.064   83.971 -114.587   42.356   99.821
336   54.384 -174.925   72.896 -109.070  -18.036  109.048
337   60.333  176.338   71.754 -136.788   10.026  123.196
338   55.598  154.582   89.717 -118.191  -37.096  126.831
339   56.221 -178.705   82.173 -122.528   -0.769  103.091
340   14.090  175.667   78.442 -124.418  -16.942  101.698
341   27.734  179.338   77.034 -114.101  -15.597  136.612
342   63.527  174.047   85.776 -127.273  -44.311   92.180
343   70.775  175.676   77.145 -114.151  -18.102  134.166
344   54.854 -163.753   69.954 -117.436  152.437   39.079
345   30.761 -175.806   75.445 -106.259  139.090   86.058
346   62.047 -152.950   71.323 -121.385  141.624   92.183
347   66.479 -177.266   72.194 -128.755   22.071   58.694
348   36.514 -162.371   65.762 -134.897   -4.502   79.128
349   31.850 -138.043   74.454 -126.360   11.273   76.216
350   64.607 -163.816   74.566 -111.159   33.920   62.574
351   58.786 -153.161   76.311 -128.360   32.710   63.199
352   48.173 -137.169   70.702 -121.287   47.334   82.589
353   33.962 -161.019   73.991 -118.143  140.816   78.443
354   49.727 -149.651   97.470 -110.935   25.945   66.878
355   44.790 -142.284   68.819 -144.661   17.206   86.484
356   24.197 -146.540   66.672 -125.782   -6.481  115.614
357   30.405 -154.174   70.704 -109.410    4.799   96.610
358   35.985 -161.746   70.442 -107.976  -20.813  122.134
359   44.505 -175.208   79.264 -138.680    7.715   78.701
360   43.149 -149.420   60.618 -125.436   -1.286  103.905
361   24.280 -138.933   76.136 -115.842  -43.968  130.377
362 -157.798 -175.221   75.955 -147.698   84.270  154.848
363   61.886 -179.638   78.439 -115.243  116.486  111.803
364  166.877  179.377   81.059 -120.841  119.027  120.296
365 -177.944 -178.295   79.353 -115.099  114.573  137.083
366  167.146  172.600   86.229 -118.339  117.919  102.502
367  154.769 -178.280   74.284 -113.871   98.853  142.537
368  154.445  162.794   96.656 -102.401  147.829  110.029
369  162.473  179.497   76.657 -117.774   11.445  110.834
370  131.782  179.569   82.357 -134.230   85.405   73.098
371  168.703 -174.090   74.622  -94.310  109.739  122.609
372 -127.716 -176.649   88.285 -108.419  132.826  104.851
373  164.525 -169.938   64.816 -115.961   98.795  138.614
374  172.229 -174.194   78.770 -116.484   97.845  143.358
375   58.371 -166.988   71.950 -127.921   38.924   81.586
376  147.311 -165.758   68.819 -124.366  101.021  124.670
377  177.080 -167.163   78.102 -109.744    8.814  107.999
378  133.991 -159.874   68.447 -139.514  -18.315  111.771
379  138.819 -157.776   66.659 -141.889   53.048  137.435
380  170.412 -172.778   84.143 -113.657  101.792  126.491
381   67.054 -174.277   74.986 -123.407   19.364 -118.167
382   38.720 -151.273   94.201 -116.032  -52.431  105.814
383   60.311 -172.977   64.442 -116.526    7.623 -115.558
384  128.112 -151.716   54.548 -104.154  123.426   35.214
385   26.338 -164.644   82.933 -109.207   -8.572 -103.726
386  -87.999 -166.630   81.116 -135.638   64.648 -119.138
387  -69.710 -137.581   83.843 -133.080    1.508 -105.257
388 -113.653 -173.876   83.758 -127.464 -151.935   15.315
389 -173.023 -144.923   80.966 -135.681 -156.903  -48.825
390   18.157 -173.942   82.477 -130.572   22.634  129.106
391   65.980 -146.663   84.338 -118.833 -160.132   64.766
392 -165.188 -177.837   87.136 -124.645  115.074  -23.983
393  171.354 -149.314   74.257 -122.975  -36.889 -136.996
394  157.119 -153.212   73.445 -131.617   65.678 -115.291
395  172.173 -178.089   85.636 -120.097   19.955   77.881
396   22.449 -175.653   71.914 -122.068   15.186  126.480
397  159.238 -157.517   69.813 -127.657   81.897   85.833
398 -151.077 -144.638   79.652 -129.633 -166.457   54.654
399 -160.527 -144.006   69.937 -118.450 -170.535   72.810
400  164.973 -160.729   64.242 -149.008  148.436   52.455
401   23.874  163.124   96.666 -126.437   15.797   98.565
402   -1.790 -169.096   67.288  -95.915  100.147   76.344
403  176.118 -136.008   59.533 -102.903  164.616   65.996
404    9.722 -126.667   48.154 -115.499   34.184  122.025
405  116.365 -140.757   58.725 -133.876   -5.005 -112.979
406 -132.013 -139.451   66.963 -119.264   -8.917  -21.571
407  162.587 -166.393   72.237 -145.016   -3.786  -51.651
408  139.053 -136.058   62.694 -129.724  127.299  -53.025
409  152.531 -163.452   66.461 -108.444    9.323  -61.468
410 -176.874  177.752   85.157  -97.799  145.820   81.440
411   81.221  179.704   80.712 -113.015 -168.030   54.767
412   56.108 -167.279   84.261 -123.198  136.676   72.837
413  147.768 -145.523   76.495 -114.974 -158.610   78.300
414 -164.801 -146.275   74.094 -110.211  166.851   77.569
415 -136.194 -171.408   72.557 -113.584  161.843   75.629
416  149.524 -156.001   70.364 -107.044  132.011   83.627
417  101.189 -140.911   73.713 -106.029  138.943   95.481
418 -143.920 -153.003   79.200 -110.595 -175.619   56.325
419 -138.380 -142.392   65.892 -117.527  121.138   58.877
420   39.036 -144.841   69.998 -125.118  151.351   72.961
421 -155.214 -150.496   80.688 -130.427 -169.522   77.238
422 -100.749 -170.922   75.574 -122.144  119.041  104.695
423  145.527 -137.966   67.487 -103.832 -170.626   77.682
424 -135.909 -162.072   73.809 -100.004  145.231   74.702
425 -112.357 -162.123   90.704 -144.898 -131.888  -39.082
426 -168.114 -136.091   75.335 -116.458 -170.898  -84.734
427 -173.997 -134.777   80.635 -107.370 -145.097  -98.852
428 -176.019 -132.456   69.421 -114.520  176.653  -81.716
429  167.671 -146.788   69.183 -140.772   23.386   65.501
430  172.981 -148.958   68.424 -139.945    8.310   26.459
431 -170.229 -153.410   79.561 -130.323 -162.982  -67.948
432 -170.363 -175.291   92.377 -137.897 -142.537   68.538
433  150.635 -154.627   65.595 -133.266  129.996  -24.944
434  121.575 -163.134   82.191 -125.446  168.518  -55.009
435 -173.665 -157.010   74.899 -115.974  121.636  -77.095
436  166.421 -135.473   57.637 -120.730   81.856   87.136
437  167.216 -140.421   58.596 -120.226  150.326   61.879
438  170.249 -158.248   68.051 -124.798  122.458   92.241
439  138.510 -148.908   63.586 -120.321   90.668  122.952
440 -166.742 -133.786   55.138 -121.758  100.494  137.027
441 -149.054 -178.342   77.627 -123.432  175.317   55.744
442 -136.554 -172.763   80.379 -135.754  -12.617   50.033
443  164.023 -153.158   67.810 -133.296  175.026   77.078
444 -118.982 -158.464   66.595 -118.520  162.083   65.831
445 -174.036 -142.377   64.803 -104.731  143.121   49.912
446  174.349 -152.091   73.328 -112.940  161.355   91.812
447 -177.235 -141.234   61.862 -121.720  145.170   45.680
448 -132.691 -159.254   79.864 -113.451  -20.657   68.906
449 -149.612  162.834   88.326 -130.917 -124.980    1.199
450   73.935  175.432   87.529 -122.536  153.185   75.325
451   36.736 -174.405   87.100 -132.511  151.247   93.195
452   17.178  171.958   98.763 -123.161  127.510   99.831
453 -162.178  173.741   86.626 -134.845  176.766   65.277
454 -133.891 -150.096   77.406 -113.398 -141.802 -110.046
455  119.032 -149.301   53.278 -115.826  -14.486    4.500
456 -163.667 -149.933   63.165 -137.413    4.785   42.221
457  176.769 -155.123   75.363 -116.073   10.326  -28.210
458  171.274 -166.810   70.764 -118.251   -8.976  -57.924
459  147.852 -154.463   69.717 -134.576  -19.009  -76.164
460  130.619 -138.429   70.607 -135.965  135.943  106.597
461  179.005 -137.719   56.696 -124.569   15.357  138.295
462 -178.157 -158.918   74.015 -140.147  152.842   96.523
463  177.240 -146.417   58.561 -129.181  -17.478  106.037
464  130.741 -130.845   60.950 -116.480   25.543  122.556
465  156.636 -155.663   67.970 -134.211   -5.846   93.617
466  174.577 -165.681   79.308 -132.584  -20.833  -12.682
467 -147.232 -158.045   76.529 -124.531  -45.396  124.264
468  157.261 -161.710   75.284 -138.763  -21.743   54.544
469  136.337 -145.766   55.985 -139.662    9.161  -49.815
470  142.346 -141.656   68.987 -142.459  155.872   80.763
471 -170.087 -169.766   61.135 -142.923   34.138  150.554
472 -166.378 -155.399   71.597 -122.078   -7.009   83.104
473 -177.964  174.213   72.161 -127.607   -5.356  107.476
474  161.437 -147.763   60.133 -130.440   -7.608  157.478
475  159.541 -135.761   60.549 -119.848  -11.959   51.682
476 -164.923 -155.250   63.660 -123.488    6.889    2.049
477  165.023 -147.492   59.332 -113.009   19.365  -19.868
478  160.349 -157.838   64.355 -119.555    0.786  -33.417
479   87.591 -162.960   63.914 -127.173   -1.411    9.920
480 -162.185  166.337   92.453 -128.195  -24.953   66.530
481 -161.519  169.303   81.792 -136.582    6.158 -142.925
482  159.694 -176.767   70.459 -131.235  -59.488 -138.694
483  164.107  175.006   83.828 -137.824   38.254   13.941
484  124.599  176.315   82.965 -132.688    0.427   17.529
485  176.604  155.115  110.020 -121.900  -17.465   31.209
486   96.375  177.335   86.697 -128.172   11.271  -12.085
487  159.719  152.750   95.289 -136.919   13.908   43.287
488  145.481  146.247   99.250 -140.015    8.680   33.129
489  152.501  172.501   85.779 -148.339    0.050  -72.688
490 -159.730  142.859  105.794 -144.376   15.680  115.383
491  175.446 -159.033   70.179 -138.503   37.494 -109.908
492  173.116  165.666   89.592 -128.199  -13.662  124.137
493 -138.426 -167.624   76.597 -142.075    9.748  106.783
494 -168.864 -178.128   89.554 -129.551  -22.330  -46.351
495 -133.233  170.957   82.125 -140.573   22.532   61.639
496 -168.330 -170.456  100.857 -139.166  -11.103  -80.256
497  164.055 -163.827   68.372 -118.208    2.431  106.177
498  164.341 -149.759   66.282 -139.423  -11.124   59.861
499  179.860 -150.839   50.056 -132.450  -21.993  134.874
500 -161.111 -154.136   68.008 -156.173   27.188   53.626
501 -162.560 -172.933   70.227 -145.705    1.539  113.264
502 -176.292  170.767   95.039 -129.380   25.006   53.662
503 -134.480 -170.992   73.673 -136.647    5.960   66.351
504  172.328 -152.059   75.398 -123.254   -7.259   44.172
505  166.704 -149.119   50.526 -138.472   16.704  110.421
506 -172.746 -150.042   64.368 -147.678  125.430   44.591
507 -177.038 -139.142   61.634 -129.027    9.101   47.971
508   38.501 -157.153   76.716 -127.955   -4.104   68.882
509 -157.704 -129.799   57.457 -135.424  -13.465   35.808
510 -122.133 -143.116   59.145 -121.483  -26.097  -10.559
511 -152.676 -168.192   71.735 -130.773   14.977  127.480
512  154.173 -149.502   57.438 -134.140  -15.499  111.592
513  172.207 -157.852   72.241 -106.222  -17.251  115.749
514  170.380 -160.977   75.382 -127.158    7.425   73.952
515 -137.115 -147.256   65.405 -124.978   -2.582   45.226
516 -161.121 -164.810   64.981 -120.547   30.694  -26.670
517  165.320 -154.957   61.550 -116.500   12.342   41.203
518 -156.671 -166.678   83.783 -115.851   26.197  -22.857
519  177.088 -143.596   60.859 -113.137    9.982   78.383
520  125.693 -150.023   61.197 -149.988   19.896  135.423
521 -128.349 -165.986   75.550 -122.424  -18.449   25.822
522 -160.217 -160.358   71.846 -109.362    2.538   71.502
523 -170.600 -156.958   71.981 -135.498   -3.510  107.314
524  170.267 -167.919   73.875 -132.642  -15.939   75.213
525  171.088 -170.896   71.399 -129.560    1.900   58.127
526  161.593  169.446   82.719 -113.200    6.273  110.370
527  150.370 -168.712   79.185 -135.036    9.728  127.805
528  165.656 -179.113   76.270 -121.420   36.222  117.017
529 -143.733 -172.479   71.912 -139.706   -0.241  102.956
530 -174.062 -162.699   83.366 -128.860   33.057  130.404
531 -173.218 -146.721   64.408 -135.839    7.992   81.469
532  167.968 -162.136   61.013 -137.700  -43.651  116.242
533  136.351 -157.372   78.461 -115.035   -0.413   88.369
534  160.449 -161.578   68.255 -117.926   -9.103  104.630
535 -157.839 -164.398   73.179 -144.790   11.391   70.432
536  169.173 -155.225   67.217 -132.022  -15.630   71.725
537   58.232 -144.642   63.169 -144.278  -27.678   64.846
538  162.614 -177.838   78.965 -127.502  111.887   70.451
539  165.654 -164.924   81.668 -132.737  -20.450  142.219
540  164.979 -157.660   53.120 -153.746    3.640  123.993
541  178.866 -172.688   72.165 -147.569   15.889  133.198
542 -177.179 -150.597   60.333 -143.728  -15.234   96.404
543  175.158 -179.008   76.653 -120.329   -7.148  119.319
544  147.044 -140.854   59.872 -116.479    3.820   94.109
545  157.828 -144.030   57.989 -128.315    8.179   52.948
546  147.792 -162.620   73.333 -129.516   11.637   46.017
547 -140.661 -176.624   79.330 -147.249  168.791   68.263
548 -178.263 -146.187   46.323 -120.927   30.017   73.588
549  172.477 -144.185   65.203 -129.464  -25.258  126.158
550 -176.058 -148.512   62.032 -130.320   -0.533  114.871
551 -172.092 -150.652   59.979 -143.272   13.038  103.814
552  151.721 -157.386   66.481 -124.127   24.673  112.681
553  167.999 -152.921   61.975 -129.509   -0.581   65.498
554  134.140 -146.352   63.474 -136.502   -5.740   52.366
555 -177.194 -137.459   51.336 -144.359  -21.645  154.849
556 -158.835 -153.719   64.795 -121.129   15.560   85.543
557 -173.943  171.578   97.546 -113.489    9.537 -169.376
558  152.033 -173.321   84.038 -133.495   -8.439   95.666
559  178.663 -167.442   67.322 -131.287    4.044   68.433
560 -174.894 -166.099   72.310 -133.224   26.521   53.589
561 -178.993 -147.668   62.900 -135.012   -1.712  108.026
562  162.434 -171.149   78.277 -124.288  -43.145  115.151
563  168.720 -159.787   61.004 -141.744   -8.017  107.074
564  174.818 -153.654   69.904 -119.751   46.003   94.457
565 -169.748 -147.976   68.595 -130.355   -8.373   35.899
566  173.271  176.299   78.549 -132.909  -12.533   29.415
567    8.185 -165.062   77.818 -127.445  -23.364 -107.011
568  163.800 -152.188   64.856 -123.226  -26.420  -71.331
569  178.492 -152.456   68.386 -124.506   20.247  -11.946
570  137.266 -153.287   68.999 -130.695   14.283   69.319
571 -178.205 -149.786   58.758 -140.495    0.310   70.604
572  175.770 -162.436   71.524 -130.290    1.674   65.193
573 -166.599 -148.343   70.397 -122.856   -9.919  -56.862
574  179.719 -150.725   57.126 -125.130   14.610 -110.471
575  -77.616 -171.024   81.077 -138.796   12.762 -110.109
576 -152.606 -168.052   66.379 -129.968  157.375  -64.762
577 -144.844 -170.476   72.672 -110.328   -1.917 -100.795
578  142.524 -151.548   66.770 -122.746  -20.114  -70.440
579 -153.049 -156.133   60.565 -130.069   -7.994   58.897
580 -162.809 -145.424   79.628 -133.739  -37.957  -86.200
581  168.471 -130.957   53.225 -135.545  -27.761 -114.728
582 -161.467 -147.897   60.482 -127.065  -32.744 -106.756
583  157.191 -160.090   48.508 -132.669    2.342    5.494
584 -171.892 -161.494   79.169 -118.899   -6.206  -43.244
585 -170.673 -164.691   64.335 -132.064   30.864   43.267
586 -149.848 -145.572   59.918 -143.022  -16.258   20.072
587 -176.016 -170.750   83.524 -130.340   -6.726   24.870
588  150.901 -154.320   66.571 -130.800    4.837 -116.598
589 -168.205 -147.289   69.041 -122.638   25.620 -129.344
590  165.906 -147.984   70.907 -120.868   10.175  -44.110
591 -166.533 -164.793   83.785  -94.657  -17.829  -76.032
592  168.143 -145.552   54.239 -115.403  -39.288 -143.418
593 -166.465 -155.634   78.065 -118.659  -69.163  -85.674
594  170.833  178.702   80.512 -121.724   -0.298  -67.211
595 -171.683 -157.600   62.205 -137.854   59.155 -129.017
596  160.806 -154.174   60.493 -131.579   13.893  -92.768
597 -175.424 -155.338   68.058 -105.564  -37.558 -156.625
598 -157.555 -152.153   72.560 -141.191    7.480  -83.507
599 -175.836 -165.027   75.499 -121.668  -39.117  -82.934
600  171.324 -138.450   84.659 -123.944  -26.053  -75.299
601 -158.074 -166.241   87.497 -128.956  -35.918 -119.540
602  161.428 -132.395   64.141 -111.411  -30.718 -104.077
603 -175.703 -143.424   57.386 -130.046    0.421 -118.198
604 -143.651 -154.800   80.738 -116.052  -23.421 -103.900
605 -146.770 -173.134   66.044  -99.207    3.032  -49.197
606  100.118  168.955   89.176 -125.460   13.867    0.089
607  144.239  170.563   94.572 -129.226    6.167   86.125
608 -176.271 -162.473   71.657 -117.730    9.853  -22.072
609  179.281  174.675   88.022 -107.650  -56.753   58.408
610   98.792  164.428   90.013 -116.769    8.556   50.324
611   51.166  175.445   94.742 -106.343    4.427  139.010
612  159.667  166.783   81.731 -127.178  -10.345 -144.001
613 -171.375  168.509   85.944  -80.138   16.730 -105.565
614  113.781  167.299   81.933 -102.277    5.962   21.294
615 -170.139  151.282   92.597  -69.310  -12.757  -18.755
616  150.792 -173.206   82.311 -123.880   -1.722  -68.251
617  172.891 -148.802   64.991 -117.638  -22.917  -76.958
618 -173.001 -156.093   75.228 -116.959  -25.719  -41.594
619 -179.573 -154.182   75.583 -128.330  -23.923  -62.562
620  157.328 -153.950   67.908  -96.912  145.620  -64.062
621  163.025 -143.293   65.124 -134.579  -26.891  -61.736
622  152.808 -152.488   63.161 -121.617   -0.240 -104.736
623  177.583 -163.847   66.916 -142.831    1.055  -71.814
624  176.971 -166.265   75.391 -125.690  -32.238  -40.440
625 -179.415 -139.269   59.790  -99.201    0.749  -94.148
626 -174.891 -151.921   66.778 -119.791  -44.066  -77.316
627 -166.490 -141.461   68.152 -145.469  -28.757 -115.233
628 -116.572 -177.443   83.037 -103.889  -18.850  -31.801
629 -165.533 -140.941   45.674 -147.593   -5.008  -21.606
630 -166.272 -153.027   72.910 -137.451   16.543 -153.884
631   52.012 -168.968   69.028 -162.380   30.654 -115.461
632   63.589 -157.936   75.821 -122.174   36.764 -123.463
633 -168.701 -154.237   68.645 -129.626  -16.792  -65.541
634  164.963 -163.211   76.166 -134.746    1.643  -18.482
635  171.242 -150.144   69.309 -130.976  -60.989  -34.936
636   53.694 -176.787   94.032 -140.763   -2.014   46.094
637 -144.927 -158.699   67.883 -121.650    4.589  -56.950
638  171.772 -162.500   67.568 -139.513    5.619  -83.457
639 -179.410 -162.613   72.462 -125.792   16.495  -67.380
640  168.167 -164.123   70.660 -140.924    2.528  -74.367
641 -172.667 -128.771   45.056 -118.064   -3.562 -108.481
642  175.205 -155.112   62.343 -139.479    2.202 -112.413
643  178.880  179.537   63.575 -119.778   44.000  -25.394
644  146.868 -179.223   73.407 -131.704   17.308  -56.421
645  110.836 -157.131   71.723 -119.003   -5.703 -110.032
646   56.009 -179.217   86.996 -122.205   -3.934   46.121
647  166.270  167.444   97.069 -152.196   27.699   14.997
648  177.491 -167.293   67.453 -134.304    4.664  -18.849
649  155.057  169.414   85.635 -122.244   -3.997   42.320
650 -164.151 -157.991   68.779 -133.246   23.638  -86.410
651  167.642 -148.110   68.422 -128.001  -18.550  -65.455
652  175.142 -154.881   65.770 -116.415   20.832  -64.653
653  145.427 -151.819   60.167 -140.770   -1.825  -89.696
654 -153.254 -174.151   80.889 -122.193  -14.778 -144.253
655  167.437 -170.959   82.235 -134.233  -13.174 -122.241
656 -158.311 -179.740   94.224 -146.993  -20.911  -51.239
657 -164.287  169.292   98.135 -121.336   10.797  -65.072
658 -144.834  169.117   86.622 -143.076   28.481 -153.412
659  164.555 -178.772   76.254 -126.045    4.910 -117.061
660 -168.475 -157.083   66.868 -132.941  -28.183  137.943
661 -176.051 -150.079   66.258 -122.013   16.640  -74.949
662 -169.036 -171.438   74.730 -133.525   14.183  -98.187
663  178.100  178.968   76.715 -129.852  -11.582  -32.220
664 -177.729 -169.552   70.097 -143.470   15.015  123.168
665  172.981 -149.886   57.510 -131.360  -13.557  104.219
666  151.482 -151.007   57.598 -110.562   -2.611   86.096
667 -170.783 -154.702   57.012 -115.001   17.987   81.373
668  179.478 -144.664   59.598 -140.216   -0.759  130.740
669  175.165 -121.906   45.333 -143.349   10.012   86.427
670  162.871 -148.581   67.144 -131.239   16.495  105.647
671  169.568 -166.262   76.827 -128.348    6.105   79.171
672 -163.734 -165.426   66.740 -146.997   -6.396  112.417
673  177.517 -143.645   56.235 -135.267   -7.216   90.503
674  149.375 -139.624   62.383 -140.574    8.620   85.494
675  159.374 -151.148   66.336 -134.530   11.180   69.768
676 -157.526 -151.733   66.165 -115.124  161.120   65.730
677  166.326 -162.958   72.985 -130.088   -1.737  151.461
678  167.156 -155.076   52.864 -116.827  -25.962  118.465
679  151.389 -159.074   64.935 -138.262   -5.711  130.991
680  144.625 -165.905   64.666 -144.500  -13.830  106.509
681  179.463 -164.879   56.138 -122.493   14.491  142.565
682  170.473 -154.400   55.571 -104.822  -19.121  133.856
683 -176.520 -151.401   54.458 -137.595  -37.890 -160.441
684  177.640  179.945   73.848 -124.065   12.863  129.618
685  175.171 -159.277   68.412 -132.443   31.498   87.391
686  137.589 -148.732   44.900 -142.215  -20.670  145.495
687  153.912 -149.386   58.890 -101.050   39.756  128.608
688  168.925 -164.422   70.602 -114.233   17.151  151.217
689  158.887 -161.009   69.474 -116.705   28.832  115.909
690 -177.180 -157.899   60.866 -123.279    6.410  142.610
691 -144.732 -134.259   74.957 -112.859  -18.583   95.176
692 -172.254 -155.703   65.162 -133.515  -13.306 -123.343
693  115.387  170.313   94.698 -129.359  -14.900    4.941
694  134.236  173.780   94.118 -130.486  -26.043   18.346
695  164.053  163.631   95.575 -130.651    4.077 -145.808
696  107.016  166.685   82.028 -143.983   18.547   18.180
697  152.336  177.002   77.674 -134.323    9.231   77.660
698  145.228  161.621   96.001 -129.176    5.255   30.135
699  132.952 -173.951   66.859 -136.569    2.528    0.394
700  159.066  169.872   74.425 -131.531   19.712   90.395
701  136.806  177.289   83.300 -108.459  -12.725   62.305
702  164.036  154.470   93.759 -137.398  -11.706   30.471
703  157.345  146.922   92.067 -132.997   39.648   39.675
704  131.230  146.159  100.036 -115.346   49.764   42.415
705  171.206  145.453  103.484 -140.207  -31.448   20.460
706  108.799  168.873   90.730 -133.107    9.346   44.967
707   37.355  162.249   96.439 -136.695   44.793   61.378
708  128.696 -179.757   97.114 -122.728    1.085    0.095
709   54.397  168.977   94.613 -113.102    4.061   34.723
710  105.908  174.062   90.801 -126.903   21.683   20.443
711  134.780  179.748   79.080 -136.608    7.791   22.178
712  114.376  164.477   87.435 -128.290   14.518  131.632
713 -164.048 -150.337   67.943 -125.503  -17.126  -46.312
714 -171.884 -177.024   83.024 -132.521  -40.543 -134.498
715  134.879 -152.219   63.115 -136.986  -15.019  -80.137
716 -155.696 -142.269   62.432 -153.084  -18.073  -52.611
717  179.730 -153.746   67.582 -118.920   -1.047  -64.429
718 -165.318 -152.826   68.745 -128.801  -17.009  -90.734
719  168.385 -150.022   56.096 -121.709  -25.815  -64.778
720 -179.395 -149.129   62.027 -136.041  -21.826  -44.227
721 -158.152 -139.442   54.208 -135.127   -5.380  -79.434
722 -154.280 -135.296   46.357 -136.364   16.301 -132.757
723 -164.958 -148.056   66.615 -134.083  -26.598  -71.184
724 -168.368 -156.349   66.021 -140.839   -4.984  -48.064
725 -113.426 -154.287   59.657 -119.123  -32.316    2.925
726 -175.698 -174.142   70.343 -128.450   18.847  -79.982
727   17.883 -160.771   77.486 -144.573  -16.748   95.626
728  160.061 -140.289   55.812 -128.660  -13.952 -102.539
729 -156.574 -148.468   66.971 -120.259  -15.547  -72.671
730  156.822 -160.764   70.625 -145.208   -1.329  -88.285
731  155.609  179.659   77.475 -150.463   43.212  -95.707
732 -154.411 -167.918   82.186 -124.127    0.425  -47.716
733  -74.386 -165.830   65.506 -143.578   -1.245 -113.348
734  -22.117 -146.176   68.512 -108.199   -4.034 -108.244
735 -166.614 -144.710   66.489 -114.457   35.977 -114.810
736  170.867 -139.992   53.554 -102.427  -14.697 -102.252
737  176.015 -154.764   65.881 -112.972   -2.061  -95.030
738  152.888 -154.222   57.236 -130.713  -12.237  -81.000
739 -174.117 -141.898   63.296 -117.789  -13.643  -79.321
740 -174.818 -158.626   66.835 -119.966   18.220 -127.560
741 -146.230 -144.843   65.003 -120.375  -10.694  -55.798
742  174.851 -135.057   49.805 -106.352  -13.932  -96.692
743 -123.169 -138.630   55.151 -130.998  -12.973 -137.156
744  168.582 -159.199   71.313 -111.885    3.582 -109.015
745 -177.878 -153.946   61.032 -130.965   31.141 -101.707
746 -176.776 -150.143   64.997 -142.193  -41.803  -72.863
747  169.908 -137.425   58.452 -109.883  -18.708  113.469
748 -148.743 -166.307   65.400 -136.393  -25.980   87.308
749  176.102 -138.920   62.849 -120.685  -24.554  105.969
750  159.476 -124.715   55.646 -137.044  -23.327  108.361
751 -176.061 -158.024   65.683 -134.732  -13.283  -88.758
752 -153.870 -145.363   56.852 -133.215   14.396 -116.491
753 -160.841 -132.567   54.094 -135.312  -22.528 -112.890
754 -163.448 -130.095   72.523 -108.238  -66.939 -163.071
755 -121.427 -151.814   64.855 -130.042    2.017 -136.443
756 -178.970 -151.229   74.275 -131.824  -35.798  -99.855
757 -156.103 -156.806   75.110 -108.466  -42.554  -85.768
758 -149.628 -157.650   68.914 -124.594  -12.822  -89.946
759 -173.914 -154.885   60.692 -118.561  -21.907 -117.689
760  163.704 -161.081   81.515 -119.652  -23.519 -108.170
761 -169.142 -165.130   69.130 -109.556  -25.442  -73.288
762  172.304 -161.517   79.164 -128.449  -18.401 -114.198
763 -153.645 -145.252   79.138 -130.149   -9.792  -93.168
764  138.247 -137.980   72.131 -122.200  -34.670  -31.051
765 -163.390 -169.056   74.226 -116.708   32.877  -84.983
766 -159.792 -153.956   74.045 -109.706  -27.362 -118.110
767 -169.658 -137.830   70.819 -101.103    7.938 -101.163
768  179.628 -153.129   74.325 -124.143   -4.746 -113.446
769 -159.565 -147.772   69.641 -124.000   -4.923  -83.213
770 -178.567 -154.130   74.329 -130.442  -18.373  -64.418
771  177.746 -124.690   58.819 -122.334  -57.001 -104.014
772 -154.242 -141.334   59.888 -126.660   -3.507 -132.341
773  177.821 -149.132   57.588 -122.751  -21.198  -88.977
774 -174.485 -134.924   62.002 -126.767   -6.113 -130.186
775 -178.917 -139.699   59.612 -138.419  -24.396 -138.001
776 -158.653 -154.219   64.145 -104.184   25.598  -92.619
777  171.697 -128.738   63.329  -81.304  -28.128 -115.336
778  176.232 -142.657   71.022 -111.850   31.732 -118.944
779  177.500 -162.394   73.885 -116.665  -24.217  -91.483
780 -168.152 -135.089   60.487 -126.027  -32.816 -101.160
781 -177.758 -148.293   71.261 -128.274   -7.406 -113.806
782 -144.756 -161.656   76.283 -133.448    1.862 -123.411
783 -169.716 -142.943   62.884 -115.952  -18.806  -94.019
784 -164.422 -152.712   70.990 -131.522    8.271 -112.661
785 -158.460 -139.125   61.509 -152.462    6.790 -121.322
786 -126.393 -143.030   68.306 -135.604   16.059 -109.379
787  177.419 -148.114   59.227 -147.982   -0.055 -114.433
788 -179.780 -156.996   74.567 -143.252   11.895  -85.804
789 -169.212 -148.267   69.392 -137.535  -18.588  -82.156
790 -172.134 -153.506   61.814 -131.884  -34.235 -142.784
791 -174.688 -148.569   74.306 -124.882  -23.378  -76.211
792  169.464 -164.421   71.871 -108.945  -31.971 -115.567
793  176.908 -166.734   75.001  -60.664    9.422  -58.532
794  138.183 -144.058   64.397 -116.254  -16.637  -71.667
795  140.121 -179.859   72.676 -138.061   71.806  -49.995
796 -154.799  173.384   76.525 -117.379   27.040 -118.859
797  130.540 -157.297   66.138 -123.742   -8.048  -91.512
798  175.526 -152.797   68.819 -118.177  -29.325 -121.601
799 -155.400 -149.315   66.045 -113.007   -4.955 -102.430
800 -173.399 -158.830   75.372 -130.412   -4.828 -108.922
801 -158.919 -160.608   68.019 -131.765  -37.577 -112.097
802 -125.903 -145.250   56.763 -114.077  -20.352  -73.943
803 -172.746 -155.495   70.324 -121.143    2.399 -119.574
804 -172.037 -151.681   65.579 -132.842   -6.708  -62.439
805  140.788 -149.237   67.527 -133.899   23.781 -133.944
806  162.433 -148.170   65.399 -121.190  -17.637  111.813
807  172.285 -140.473   55.451 -125.252    1.035  121.316
808  167.970 -150.922   68.605 -107.180    1.334  133.038
809  171.949 -132.810   58.441 -140.168   29.647  132.934
810 -163.377 -148.627   56.732 -127.590    5.087  111.239
811 -179.618 -146.370   71.100  -98.788   -7.625   99.135
812 -159.809 -153.383   59.163 -114.433   -6.294  100.531
813  179.103 -144.263   61.627 -117.127    0.453  106.393
814 -160.611 -152.525   69.821 -121.618  -32.500  115.594
815 -165.085 -149.666   72.419 -111.449  -16.345  100.107
816  149.873 -144.644   58.188 -118.702   25.750  108.735
817  179.280 -134.458   60.664 -115.831  -13.692 -110.226
818  179.042 -148.912   75.205 -112.457   15.639   98.460
819 -150.312 -164.589   65.048 -115.122   29.145  110.909
820  164.819 -149.627   51.448 -117.493    5.994  138.261
821  179.932 -142.496   73.481 -118.390    4.830  130.001
822 -176.732 -141.939   61.450 -121.396    9.386 -131.519
823 -179.332 -157.607   68.059 -115.671   34.748   99.595
824  174.258 -139.406   55.942 -130.301   27.545  111.911
825 -174.049 -160.928   55.504 -121.054   16.162  109.352
826 -148.104 -141.219   67.872 -148.267  -40.320  125.740
827  144.132 -147.878   61.798 -138.369   63.049   99.920
828  169.149 -153.165   65.506 -152.541  -11.953  116.837
829  176.171 -145.668   62.159 -117.165   22.309  124.245
830  116.902 -139.744   61.194 -135.830   20.733  108.667
831   28.489 -158.811   69.486 -127.077   -4.616  123.131
832   51.131 -179.914   79.318 -141.940   35.232   96.184
833  146.351 -156.866   59.427 -127.117  -15.902   96.231
834  174.232 -171.800   69.784 -135.390    2.066  134.751
835 -171.252 -165.196   60.714 -130.328   27.339  131.572
836  159.538 -154.068   62.556 -116.049  -22.839   71.427
837  149.221 -140.665   78.587 -131.429  -28.875   77.828
838 -160.246 -150.385   71.490  -95.942   18.008  118.542
839 -154.587 -141.554   62.527 -115.069   35.372   83.230
840 -165.250 -132.406   55.708 -107.171  -49.672  111.331
841 -163.093 -149.452   54.696 -113.661  -26.529  138.639
842  168.792 -164.182   85.551 -134.094  -68.112   78.780
843 -173.182 -141.908   60.915  -70.409  -15.826 -110.149
844 -127.020 -153.428   68.859 -121.513  -14.539  -95.446
845 -161.644 -150.320   66.658 -130.574   18.539   65.705
846 -135.721 -121.540   57.899 -129.637  -27.626  100.474
847  153.159 -160.228   69.313 -142.233    9.538   75.253
848  178.817 -146.534   64.252 -138.072  -15.609   85.042
849 -168.280 -161.246   59.100 -135.279  -33.378   96.044
850 -159.399 -170.453   71.019 -114.147    7.998  126.510
851  158.658 -147.348   58.409 -140.509   10.208  145.544
852  139.222 -153.912   65.340 -122.316  -17.118   93.105
853 -146.453 -163.056   63.474  -53.463    3.982  122.958
854  172.022 -143.483   65.296 -121.160  -13.849  110.188
855  179.317 -145.884   61.206 -117.460  -25.438  118.712
856 -171.264 -151.156   75.321 -137.642   10.504   87.885
857 -174.733 -154.445   67.731 -112.858  -11.501  116.897
858 -167.788 -157.167   75.970 -123.027  -15.171   99.406
859 -156.173 -157.728   75.721 -121.486  -48.605  101.275
860 -173.381 -165.579   72.527 -111.095   -0.645  103.093
861 -168.974 -156.233   77.951 -114.549  -35.356  113.186
862 -125.631 -140.645   62.541  -97.499  -13.909   40.409
863 -157.366 -159.454   80.434 -133.439  -31.980  102.325
864 -175.936 -159.464   54.651 -138.177  -27.860  112.873
865 -138.914 -152.453   69.384 -133.990  -49.445   93.135
866  157.779 -154.461   68.708 -124.083   -6.684   88.385
867 -179.630 -144.322   63.841 -136.801   26.616   80.229
868 -169.025 -149.852   53.394 -119.554   75.307  126.268
869  175.716 -150.224   72.602 -143.177   39.275   84.988
870 -178.076 -164.159   70.484 -118.775    9.597  116.350
871  167.049 -146.916   65.051 -115.194  -25.617   88.944
872  175.251 -143.557   70.684 -124.523  -21.324  125.861
873  138.767 -132.811   68.657 -131.233  -35.527  103.935
874  146.639 -150.729   76.699 -132.922  -22.265   84.056
875 -167.150 -142.752   68.314 -148.021    1.036  125.308
876  165.391 -161.683   56.302 -144.676  -11.467   99.447
877  177.497 -175.353   75.503 -136.760   -0.271  100.789
878  177.511 -149.148   62.401 -127.116  -10.393  115.980
879 -178.368 -149.698   57.235 -129.268   31.289  118.446
880  175.020 -140.960   55.407 -115.291    1.606  104.588
881  179.691 -153.176   58.572 -128.102   15.787  -95.690
882  157.147 -144.667   77.400 -128.345  -24.090 -121.104
883  176.023 -144.271   62.763 -132.678  -12.210 -102.258
884 -144.529 -150.776   65.328 -117.168  -45.141   70.743
885  162.072 -144.498   64.101 -130.616 -110.232  -76.218
886 -166.001 -147.884   61.607 -130.102  -33.378 -111.870
887 -152.406 -157.705   66.961 -131.910    6.980 -110.252
888 -175.471 -138.190   55.604 -147.510    2.942 -109.639
889 -167.272 -135.851   59.790 -126.719    5.221  -78.831
890 -161.564 -155.092   61.214 -120.690  -28.264 -123.484
891 -147.638 -152.651   81.322 -140.342   -1.778  -87.295
892  168.623 -154.670   61.542 -165.839   -9.137 -114.258
893 -167.145 -137.984   59.941 -122.856  -25.976 -101.939
894 -179.699 -149.682   72.034 -136.756  -13.244  131.615
895 -173.953 -143.862   71.932 -128.535  -41.856  122.206
896 -178.076 -143.891   67.231 -136.695   -2.608  127.485
897  179.177 -152.995   72.351 -145.248    7.921  133.285
898  170.448 -153.776   65.596 -127.045  121.906  118.937
899  -57.646 -169.321   75.010 -139.820   -0.117  -31.444
900  167.352  178.523   75.265 -114.985   23.036   23.949
901  179.002  167.230   92.856 -107.428  -25.426 -150.337
902  157.736  158.925   92.910 -143.847   19.744 -113.779
903 -167.802  171.453   83.531 -132.616   60.060   40.555
904  171.639 -179.516   84.838 -130.226   28.914    1.566
905 -152.332  149.519   86.237 -129.886    7.584   74.527
906 -166.513  150.663  100.256 -129.860   -9.783 -122.226
907  137.656  159.515  112.846 -117.785   20.323   68.236
908 -152.247  171.771   97.500 -157.160  -18.284   28.678
909  155.038  168.794   94.729 -117.720   15.574  -27.308
910 -174.777  166.417  103.417 -116.620  -37.748   49.597
911 -174.250 -168.511   87.215 -124.931  -70.915    1.340
912  175.735  158.334   87.240 -123.475  -29.714  104.901
913  172.597 -176.656   98.310 -133.426   -9.746  145.943
914  172.229 -179.554   85.525 -143.296  -45.311  166.102
915 -178.598 -166.832   85.207 -122.936    6.321  100.804
916 -165.201  173.317   98.821 -128.934  -41.019 -177.353
917  135.209 -179.791   83.397 -123.593  -28.342  179.281
918  133.396 -163.323   86.796 -148.607  -10.626  -35.746
919  153.595 -168.905   76.581 -146.789  -17.297  -39.839
920  170.363  165.547   83.999 -143.072   12.760  -82.449
921  171.903 -165.509   74.781 -117.724    4.481  -91.337
922  133.327 -172.204   82.309 -108.114    1.057    2.134
923  150.889 -166.388   77.802 -146.085   48.372   17.323
924  150.321 -176.197   76.437 -125.522   -9.659  110.035
925  159.521 -152.273   83.347 -138.953  -15.668   89.908
926 -174.205 -147.701   82.521 -123.775  -39.136  -75.490
927 -154.913 -149.332   72.072 -131.106  -18.891 -147.439
928 -162.642 -129.910   82.668 -134.273  -80.046  -55.666
929  -63.437 -169.704   78.973 -134.163    8.787  -89.212
930  -13.776 -172.581   82.545 -135.051   40.451  -92.569
931  165.735 -159.018   83.816 -136.310  -17.036  -69.348
932  171.324 -162.851   65.816 -144.996  -11.689  -59.728
933 -178.778 -159.936   83.060 -117.324   -9.083  -92.762
934  174.491 -140.377   65.998 -148.322   -6.702  -66.241
935  165.084 -154.564   68.301 -135.228   -6.967 -121.036
936 -169.235 -148.885   59.890 -118.619   30.761 -140.661
937  176.747 -148.610   61.212 -124.080  -34.447   32.372
938 -152.588 -146.621   73.404 -122.471    4.310 -155.536
939 -169.330 -145.745   61.988 -132.997  -10.463 -127.790
940 -161.724 -155.648   74.049 -141.690   10.968  114.237
941  177.470 -149.731   90.889 -126.443  -43.942 -152.272
942  165.158 -153.901   79.235 -110.303   18.907    9.893
943 -166.760 -163.308   75.612 -139.372   37.207  -86.720
944  167.661 -156.689   78.427 -127.794  -33.736 -106.341
945  156.294 -167.019   70.304 -129.986   15.621    3.117
946 -142.710 -167.738   70.962 -119.846    5.137  -21.397
947  163.461 -150.424   60.294 -111.668   -4.639 -106.062
948  149.677  176.172   86.387 -131.451    6.209  -73.938
949 -179.592 -165.010   78.841 -114.459    6.338 -124.969
950 -142.269 -159.397   74.553 -138.083   -2.024  178.484
951 -151.922 -177.541   78.503 -145.664    7.315  -65.361
952  168.875 -126.256   60.025 -122.460  -42.702  155.065
953 -148.218 -147.853   65.636 -131.765   39.842 -124.218
954 -158.438 -141.807   60.006 -119.604   -1.942  -63.635
955 -153.380 -144.671   64.919 -140.360    4.410  -90.302
956  -74.956 -166.523   92.584 -115.649  -23.077  -57.277
957 -124.368 -150.459   76.245 -139.100  -44.032    4.930
958  150.445 -176.626   86.360 -129.434  -17.312   61.276
959  175.908 -177.500   80.620 -130.787    4.127   55.409
960   65.659  179.719   99.333 -135.739   20.032   53.479
961 -178.795 -137.333   71.805 -135.061  -30.471  -60.126
962 -142.099 -158.888   84.924 -143.880  -15.927   37.872
963 -129.360 -168.164   80.452 -133.589  -39.264   39.157
964 -160.021 -139.582   61.360 -133.944  -28.736  -51.979
965 -172.843 -160.748   74.511 -142.284  -30.759  -48.960
966 -157.572 -144.030   64.228 -138.062  -25.300  -51.805
967 -142.912 -139.259   58.359 -120.791  -23.836  -58.818
968 -160.106 -133.545   52.813 -116.357  -18.346  -55.539
969  153.873 -144.483   62.560 -121.166  -36.785 -114.565
970   81.381 -174.002   69.649 -122.657   48.822 -100.292
971 -156.901 -165.306   76.995 -145.226   -8.493  -89.485
972 -145.515 -177.710   82.517 -147.522   32.870   46.213
973  -87.522  171.661   85.002 -133.970  -12.714  -28.568
974  -94.245  173.036   85.736 -130.276    1.582  130.460
975 -169.029 -144.891   57.312 -134.546  -29.931  -53.860
976 -147.112 -162.758   66.222 -137.641    2.966  108.166
977 -176.714 -155.424   59.770 -144.007   22.561  -64.936
978  173.131 -157.315   80.660 -130.391  -25.600 -107.222
979 -173.384 -163.754   68.726 -142.492    7.621  -87.649
980 -179.820 -171.461   70.567 -119.337    9.131  176.657
981  151.523 -150.213   55.830 -148.548  -13.481  121.777
982 -173.450 -152.730   70.706 -152.457  -55.785   83.329
983 -178.948 -141.613   61.513 -126.180    9.938  124.856
984  146.833 -152.612   69.258 -117.758  -12.693  107.050
985  167.730 -145.562   78.290 -143.335    6.247  125.038
986 -149.278 -129.200   52.532 -135.997  -15.318 -105.132
987  163.124 -143.960   66.406 -121.698    0.095  -78.700
988  171.251 -152.112   78.968 -114.807    0.151   19.506
989 -167.102 -148.696   64.868 -124.712  -17.427 -125.531
990 -173.816 -164.408   75.566 -145.145  -47.514  -69.889
991 -172.465 -153.171   68.038 -122.292  -20.508  -96.275
992 -177.748 -160.254   74.199 -142.637  -10.472 -132.398
993  171.387 -160.480   82.927 -110.182  -47.700  -60.467
994   65.251 -177.151   84.363 -115.670   25.447   50.850
995  130.845 -177.011   77.612 -114.192   18.669   64.119
996  108.096 -168.281   73.903 -139.382  -10.740  -94.731
997   91.269 -174.818   70.660 -158.071   10.966 -117.629
998  148.194  168.112   95.078 -146.230  -49.492   66.159
999  132.072  168.407   88.938 -133.210   12.694   61.354
1000   90.654  165.539   93.020 -131.540   -0.365   33.289
