  Frame #         RMSD         rGyr      intraHB        MolSA         SASA          PSA
        0        0.000        5.238            0      417.562       16.131      125.973
        1        0.689        5.173            0      415.130       24.742      121.711
        2        0.761        5.150            0      416.642       20.004      122.498
        3        0.760        5.090            0      419.300       37.015      127.710
        4        0.674        5.209            0      415.771       31.860      119.383
        5        0.737        5.098            0      415.944       54.024      128.383
        6        0.400        5.193            0      414.749       37.893      124.007
        7        0.632        5.233            0      422.199       35.935      124.895
        8        0.629        5.192            0      417.241       24.798      120.828
        9        0.637        5.143            0      420.032       36.669      117.258
       10        0.590        5.204            0      420.541       43.589      127.378
       11        0.658        5.255            0      416.337       60.574      121.375
       12        0.791        5.140            0      420.971       46.086      122.881
       13        0.732        5.144            0      419.235       52.333      122.947
       14        0.710        5.188            0      421.023       36.939      121.022
       15        0.778        5.269            0      419.466       46.039      127.039
       16        0.677        5.181            0      416.887       50.155      117.558
       17        0.513        5.271            0      419.210       44.175      130.500
       18        0.599        5.177            0      415.720       47.688      121.328
       19        0.701        5.196            0      415.987       66.194      121.455
       20        0.653        5.260            0      417.578       60.565      120.405
       21        0.747        5.179            0      415.774       61.230      128.077
       22        0.392        5.281            0      412.043       29.340      124.778
       23        0.364        5.247            0      414.905       28.171      120.922
       24        0.513        5.213            0      415.900       30.035      123.703
       25        0.395        5.255            0      419.217       25.480      121.381
       26        0.452        5.245            0      417.466       45.653      131.131
       27        0.271        5.213            0      415.065       40.585      122.537
       28        0.406        5.203            0      418.385       64.749      120.342
       29        0.481        5.216            0      417.253       51.815      127.121
       30        0.506        5.206            0      417.385       41.983      128.876
       31        0.348        5.247            0      422.269       40.607      124.876
       32        0.475        5.191            0      415.426       37.108      122.957
       33        0.517        5.253            0      416.271       41.160      123.311
       34        0.247        5.260            0      415.224       37.038      123.115
       35        0.511        5.232            0      417.586       40.348      118.149
       36        0.522        5.156            0      418.374       42.663      122.347
       37        0.695        5.246            0      424.803       51.912      116.915
       38        0.578        5.159            0      418.811       50.076      128.763
       39        0.592        5.228            0      418.113       34.330      122.609
       40        0.548        5.277            0      419.381       63.665      114.768
       41        0.408        5.169            0      415.245       37.350      125.302
       42        0.650        5.260            0      421.038       44.578      130.895
       43        0.593        5.216            0      415.917       53.915      125.535
       44        0.547        5.127            0      417.425       54.970      121.280
       45        0.623        5.121            0      416.203       47.619      119.326
       46        0.428        5.116            0      416.471       38.827      128.154
       47        0.418        5.153            0      414.952       33.841      117.804
       48        0.490        5.250            0      415.028       58.057      124.308
       49        0.413        5.240            0      420.209       30.050      121.752
       50        0.514        5.156            0      414.870       44.790      118.471
       51        0.705        5.129            0      418.373       36.763      125.246
       52        0.633        5.189            0      420.430       51.757      127.913
       53        0.579        5.240            0      415.585       32.926      125.002
       54        0.573        5.160            0      418.491       41.839      118.404
       55        0.620        5.192            0      418.878       42.972      123.201
       56        0.764        5.113            0      421.391       53.659      115.057
       57        0.512        5.171            0      415.641       56.778      128.761
       58        0.456        5.323            0      414.132       49.188      127.608
       59        0.500        5.261            0      419.385       41.504      124.847
       60        0.380        5.166            0      413.574       32.758      123.579
       61        0.568        5.243            0      417.068       22.253      124.577
       62        0.388        5.211            0      415.938       28.630      117.329
       63        0.669        5.182            0      423.355       49.046      119.163
       64        0.538        5.211            0      418.300       33.482      124.833
       65        0.351        5.234            0      420.446       56.589      122.271
       66        0.542        5.185            0      419.906       46.574      122.312
       67        0.552        5.289            0      422.509       59.955      126.049
       68        0.637        5.167            0      416.523       51.681      124.913
       69        0.429        5.150            0      417.289       52.038      116.541
       70        0.890        5.001            0      415.169       55.591      116.587
       71        0.817        5.045            0      414.756       64.237      129.059
       72        0.439        5.241            0      416.975       58.999      126.222
       73        0.397        5.238            0      418.856       50.702      123.162
       74        0.705        5.078            0      419.669       58.006      117.797
       75        0.470        5.172            0      414.706       57.546      124.107
       76        0.636        5.210            0      421.949       63.582      126.530
       77        0.749        5.199            0      413.120       60.511      126.929
       78        0.535        5.208            0      419.313       47.095      126.698
       79        0.482        5.116            0      414.615       70.433      119.442
       80        0.662        5.116            0      418.256       49.411      122.624
       81        0.767        5.258            0      419.085       46.911      131.404
       82        0.457        5.221            0      419.052       47.784      129.346
       83        0.436        5.222            0      415.736       50.026      122.702
       84        0.490        5.225            0      422.680       44.657      126.599
       85        0.388        5.207            0      417.222       36.022      120.061
       86        0.398        5.258            0      415.065       50.317      119.675
       87        0.426        5.172            0      417.071       71.294      114.885
       88        0.623        5.143            0      413.877       68.765      132.218
       89        0.586        5.158            0      418.681       54.141      125.846
       90        0.393        5.238            0      414.457       59.077      134.773
       91        0.519        5.298            0      416.577       53.479      134.675
       92        0.512        5.309            0      419.430       54.797      132.247
       93        0.717        5.224            0      418.209       26.155      125.773
       94        0.686        5.154            0      416.066       42.166      124.302
       95        0.681        5.170            0      417.278       44.147      124.245
       96        0.754        5.119            0      424.384       65.999      113.240
       97        0.710        5.205            0      416.494       60.484      127.070
       98        0.746        5.158            0      419.104       77.867      118.856
       99        0.711        5.139            0      416.882       56.786      114.238
      100        0.638        5.253            0      418.881       51.570      125.884
      101        0.417        5.233            0      418.379       51.505      127.997
      102        0.492        5.124            0      418.382       60.205      120.208
      103        0.616        5.235            0      414.846       68.059      123.958
      104        0.606        5.267            0      416.608       72.921      122.946
      105        0.978        5.160            0      419.296       69.062      122.510
      106        1.023        5.047            0      417.325       69.137      120.522
      107        1.113        5.046            0      417.606       54.849      116.250
      108        1.008        5.067            0      416.877       64.326      117.882
      109        0.974        5.311            0      415.773       46.447      126.235
      110        1.032        5.081            0      420.930       76.879      125.547
      111        0.959        5.262            0      424.198       49.666      127.949
      112        1.151        5.221            0      420.771       40.060      124.853
      113        0.758        5.170            0      422.153       55.920      128.026
      114        0.582        5.190            0      418.322       52.037      127.524
      115        0.660        5.189            0      415.892       31.985      123.481
      116        0.274        5.199            0      415.628       25.549      120.496
      117        0.372        5.184            0      416.094       37.916      119.240
      118        0.379        5.290            0      418.831       28.762      125.785
      119        0.646        5.220            0      419.673       41.811      128.004
      120        0.423        5.207            0      417.465       34.866      118.084
      121        0.669        5.205            0      415.754       35.915      122.537
      122        0.586        5.344            0      416.726       36.648      134.922
      123        0.539        5.236            0      414.991       52.401      123.585
      124        0.609        5.294            0      418.013       41.222      122.724
      125        0.511        5.211            0      421.529       45.132      123.018
      126        0.462        5.303            0      421.271       43.403      128.855
      127        0.454        5.227            0      423.759       41.458      130.314
      128        0.614        5.187            0      418.413       59.354      127.150
      129        0.564        5.127            0      416.315       63.033      121.330
      130        0.999        5.056            0      416.747       42.990      125.769
      131        0.957        5.231            0      418.813       38.765      129.187
      132        0.851        5.197            0      420.411       34.559      119.355
      133        1.008        5.038            0      413.568       38.500      119.520
      134        0.928        5.093            0      414.165       55.380      129.772
      135        0.888        5.257            0      418.446       73.275      135.471
      136        0.855        5.272            0      423.703       32.423      127.761
      137        0.902        5.079            0      417.908       45.184      126.285
      138        0.607        5.160            0      416.487       56.691      122.380
      139        0.901        5.119            0      420.116       43.523      117.208
      140        0.803        5.091            0      420.168       32.759      118.147
      141        0.974        5.148            0      419.467       41.859      120.718
      142        0.723        5.139            0      413.050       47.702      134.336
      143        0.932        5.205            0      417.349       61.110      115.365
      144        0.730        5.225            0      420.811       62.487      124.255
      145        0.717        5.244            0      415.835       42.489      121.547
      146        0.528        5.183            0      421.016       58.827      123.775
      147        0.642        5.200            0      416.363       51.320      116.910
      148        0.775        5.215            0      417.465       55.646      128.435
      149        0.870        5.156            0      415.671       61.760      117.575
      150        0.701        5.150            0      417.044       51.428      116.371
      151        0.764        5.235            0      418.867       67.327      123.748
      152        0.747        5.165            0      419.862       82.802      111.700
      153        0.716        5.158            0      415.229       60.791      117.409
      154        0.765        5.193            0      418.055       65.180      118.251
      155        0.702        5.196            0      417.954       64.469      116.709
      156        0.727        5.152            0      419.673       59.139      110.821
      157        0.715        5.246            0      420.138       43.526      119.344
      158        0.821        5.218            0      420.636       56.805      116.429
      159        0.798        5.168            0      417.019       46.914      125.177
      160        0.822        5.178            0      417.926       52.131      113.111
      161        0.775        5.232            0      413.476       42.221      118.467
      162        0.814        5.115            0      416.903       44.229      118.612
      163        1.016        5.044            0      416.163       46.120      107.563
      164        0.640        5.136            0      422.030       49.809      119.378
      165        0.791        5.126            0      416.481       48.254      120.586
      166        0.971        5.051            0      416.269       41.923      120.193
      167        0.940        5.213            0      418.207       53.125      125.867
      168        0.401        5.235            0      414.992       37.848      122.070
      169        0.742        5.119            0      417.555       48.534      118.097
      170        1.140        5.137            0      412.752       57.919      115.856
      171        1.058        5.074            0      417.030       68.415      122.426
      172        1.002        5.050            0      418.142       77.255      123.051
      173        1.114        5.121            0      413.068       43.078      117.760
      174        1.021        5.069            0      412.323       57.899      120.782
      175        0.977        5.064            0      413.747       51.074      114.993
      176        1.042        5.133            0      412.045       50.431      118.602
      177        0.786        5.178            0      419.279       36.024      116.608
      178        0.766        5.175            0      419.608       42.525      115.054
      179        0.870        5.164            0      420.180       30.567      120.587
      180        0.873        5.153            0      419.289       48.276      115.131
      181        0.865        5.356            0      417.726       38.786      122.010
      182        0.957        5.234            0      420.727       55.528      115.052
      183        0.910        5.207            0      418.718       44.847      116.526
      184        0.926        5.092            0      418.627       43.773      114.188
      185        0.872        5.178            0      415.145       39.487      111.753
      186        0.967        5.172            0      416.726       59.199      117.375
      187        0.853        5.119            0      416.453       46.546      117.760
      188        1.036        5.356            0      419.593       36.752      121.305
      189        1.263        5.350            0      414.989       33.980      122.878
      190        1.036        5.272            0      417.606       53.455      117.146
      191        1.363        5.303            0      416.446       44.854      121.864
      192        1.356        5.376            0      421.019       44.804      121.099
      193        1.396        5.275            0      416.926       33.232      122.177
      194        1.230        5.280            0      415.787       30.788      115.853
      195        1.337        5.255            0      419.277       25.606      122.620
      196        1.227        5.347            0      417.786       38.691      122.709
      197        1.284        5.335            0      415.633       38.458      121.226
      198        1.211        5.395            0      421.971       28.046      119.287
      199        1.142        5.340            0      419.809       23.741      121.481
      200        1.422        5.374            0      419.937       35.231      120.474
      201        1.241        5.375            0      421.051       36.717      115.114
      202        1.204        5.382            0      417.551       44.779      118.521
      203        1.238        5.369            0      419.627       37.276      121.499
      204        1.216        5.348            0      418.644       47.847      122.943
      205        1.063        5.385            0      420.166       36.861      122.516
      206        1.106        5.330            0      413.781       22.358      107.028
      207        1.207        5.363            0      424.162       35.433      118.767
      208        1.304        5.313            0      420.699       30.293      116.085
      209        1.227        5.345            0      420.437       29.047      118.144
      210        1.278        5.372            0      415.122       28.879      117.989
      211        1.426        5.457            0      417.898       23.629      117.893
      212        1.204        5.348            0      417.547       19.280      115.121
      213        1.302        5.292            0      419.726        6.410      118.244
      214        1.133        5.392            0      419.088       24.780      116.316
      215        1.158        5.368            0      417.212       18.014      117.145
      216        1.280        5.397            0      417.882       29.081      118.307
      217        1.111        5.370            0      419.648       43.716      124.151
      218        1.109        5.373            0      416.899       36.474      116.192
      219        1.131        5.408            0      418.685       39.954      118.186
      220        1.216        5.430            0      420.356       39.339      121.641
      221        1.334        5.323            0      417.905       35.986      116.754
      222        1.453        5.274            0      415.649       30.366      118.467
      223        1.327        5.254            0      416.677       38.154      122.779
      224        1.398        5.408            0      416.757       35.105      126.327
      225        1.343        5.251            0      416.266       24.266      132.094
      226        1.469        5.395            0      419.147       28.386      121.227
      227        1.412        5.437            0      416.800       29.012      119.245
      228        1.116        5.281            0      414.617       38.569      116.033
      229        1.019        5.305            0      417.368       33.954      118.042
      230        1.178        5.361            0      415.091       24.746      114.555
      231        1.078        5.345            0      417.453       34.172      119.118
      232        1.123        5.475            0      419.006       21.972      119.823
      233        1.057        5.447            0      416.465       33.704      123.789
      234        0.975        5.440            0      416.448       31.315      124.080
      235        0.826        5.342            0      415.897       33.426      125.048
      236        1.155        5.403            0      418.459       31.165      125.361
      237        1.071        5.428            0      418.426       32.608      120.550
      238        0.815        5.303            0      416.829       27.148      114.447
      239        1.097        5.392            0      418.694       32.549      119.361
      240        1.085        5.409            0      416.639       35.064      114.208
      241        1.076        5.475            0      418.718       22.403      122.966
      242        0.980        5.370            0      416.001       46.625      116.741
      243        1.023        5.367            0      418.542       28.808      112.534
      244        0.981        5.437            0      417.007       39.108      120.856
      245        1.051        5.426            0      417.245       43.866      119.579
      246        1.273        5.295            0      413.625       29.489      118.352
      247        1.407        5.487            0      417.557       31.602      119.731
      248        1.259        5.359            0      416.739       33.635      119.246
      249        1.075        5.357            0      418.212       40.819      110.368
      250        0.915        5.323            0      417.911       31.639      123.188
      251        0.847        5.337            0      419.015       34.810      121.916
      252        0.768        5.214            0      417.484       41.448      115.624
      253        1.152        5.239            0      419.695       50.420      119.425
      254        1.138        5.092            0      415.618       41.806      115.437
      255        0.986        5.272            0      419.108       45.635      127.352
      256        0.860        5.188            0      417.886       33.474      117.134
      257        1.177        5.161            0      418.543       55.330      111.007
      258        1.139        5.097            0      414.122       45.777      115.509
      259        1.064        5.063            0      411.761       39.848      120.843
      260        0.966        5.142            0      415.715       47.619      118.787
      261        0.878        5.241            0      419.935       40.329      112.459
      262        0.861        5.106            0      415.997       41.435      110.978
      263        1.119        5.221            0      417.583       51.177      113.852
      264        0.813        5.146            0      414.933       46.155      118.104
      265        0.658        5.293            0      418.379       46.259      120.458
      266        0.960        5.141            0      418.570       46.045      115.847
      267        0.783        5.287            0      415.838       52.251      118.951
      268        0.954        5.165            0      416.973       44.341      111.345
      269        0.916        5.171            0      416.332       51.099      112.629
      270        0.887        5.182            0      417.149       41.899      121.472
      271        0.678        5.189            0      414.555       50.184      128.490
      272        0.854        5.245            0      419.291       46.164      109.791
      273        1.117        5.133            0      418.139       44.484      119.835
      274        0.984        5.088            0      418.677       44.976      120.214
      275        0.726        5.171            0      415.672       44.071      114.787
      276        0.925        5.048            0      412.794       38.722      120.778
      277        1.021        5.143            0      418.054       44.950      115.445
      278        1.263        5.072            0      415.712       48.214      112.472
      279        1.007        5.215            0      415.891       54.545      120.271
      280        0.929        5.135            0      417.442       50.225      122.704
      281        0.692        5.140            0      414.537       44.684      118.117
      282        0.902        5.161            0      415.630       52.011      120.696
      283        0.853        5.043            0      418.288       40.441      118.508
      284        0.935        5.107            0      417.983       44.186      118.754
      285        0.856        5.234            0      414.005       38.141      119.830
      286        0.962        5.258            0      417.593       44.105      125.908
      287        1.049        5.227            0      419.839       43.837      118.778
      288        0.916        5.343            0      419.023       38.123      115.672
      289        1.112        5.161            0      414.603       35.039      113.426
      290        0.872        5.168            0      416.589       28.474      122.225
      291        1.245        5.181            0      412.558       31.266      121.601
      292        1.195        5.267            0      418.128       46.942      119.986
      293        0.874        5.383            0      415.650       49.563      120.584
      294        0.784        5.253            0      421.392       56.366      123.201
      295        0.705        5.247            0      421.046       60.863      120.948
      296        0.954        5.178            0      416.421       50.669      120.632
      297        0.878        5.223            0      417.962       54.071      121.997
      298        0.853        5.232            0      422.032       52.104      124.745
      299        0.918        5.258            0      417.540       60.020      113.647
      300        1.176        5.277            0      417.794       38.010      119.542
      301        0.990        5.233            0      419.826       32.718      122.210
      302        0.955        5.278            0      418.117       40.556      117.465
      303        0.781        5.168            0      422.455       35.064      126.360
      304        1.066        5.121            0      414.496       26.067      122.663
      305        0.914        5.311            0      420.385       32.625      122.809
      306        0.451        5.233            0      419.152       45.380      122.866
      307        0.957        5.280            0      419.136       26.494      119.346
      308        1.050        5.337            0      418.129       34.128      121.440
      309        1.242        5.235            0      420.815       28.668      123.612
      310        1.180        5.211            0      417.858       48.789      121.079
      311        0.723        5.276            0      418.580       41.562      126.936
      312        0.992        5.249            0      418.193       65.410      121.532
      313        1.101        5.208            0      419.568       46.136      116.110
      314        0.990        5.331            0      420.423       54.825      114.921
      315        0.836        5.376            0      420.065       54.759      125.303
      316        0.964        5.251            0      415.729       38.237      118.614
      317        0.957        5.356            0      420.619       52.981      117.038
      318        0.962        5.253            0      416.953       29.692      117.226
      319        0.791        5.227            0      419.889       25.331      120.266
      320        0.855        5.203            0      418.284       27.489      123.117
      321        0.774        5.218            0      413.872       40.875      119.233
      322        1.000        5.345            0      420.919       53.302      123.668
      323        1.250        5.369            0      420.310       40.545      124.656
      324        1.448        5.289            0      415.979       28.411      118.394
      325        1.428        5.390            0      416.229       29.071      123.003
      326        1.444        5.319            0      415.452       26.590      117.590
      327        1.596        5.385            0      416.859       25.871      119.310
      328        1.625        5.214            0      411.490       37.096      120.356
      329        1.352        5.363            0      413.223       27.195      119.308
      330        1.459        5.316            0      418.288       29.452      132.875
      331        1.497        5.243            0      412.662       30.675      112.421
      332        1.259        5.330            0      418.324       27.440      117.151
      333        1.250        5.373            0      420.033       27.250      119.993
      334        1.409        5.398            0      420.237       32.013      129.670
      335        1.274        5.248            0      416.043       32.380      116.277
      336        1.355        5.277            0      414.390       30.557      112.424
      337        1.310        5.238            0      413.418       34.151      111.798
      338        1.365        5.316            0      416.579       28.799      119.518
      339        1.180        5.393            0      420.802       27.554      121.632
      340        1.401        5.432            0      417.673       38.015      117.212
      341        1.365        5.349            0      412.932       28.212      110.686
      342        1.400        5.270            0      413.175       27.940      127.110
      343        1.387        5.300            0      419.655       35.668      112.212
      344        1.124        5.450            0      414.034       36.852      117.364
      345        1.189        5.365            0      416.908       49.492      114.151
      346        1.229        5.365            0      415.225       56.470      111.925
      347        1.239        5.229            0      414.934       46.140      115.177
      348        1.323        5.329            0      415.873       28.502      116.982
      349        0.924        5.397            0      421.416       47.534      116.058
      350        1.123        5.298            0      415.047       39.390      117.943
      351        0.985        5.409            0      420.684       58.462      120.487
      352        1.052        5.294            0      417.977       47.356      125.616
      353        1.210        5.520            0      415.348       35.241      118.762
      354        1.061        5.230            0      415.025       24.321      113.681
      355        1.045        5.325            0      421.530       35.941      118.092
      356        1.074        5.327            0      417.118       38.254      118.275
      357        1.067        5.283            0      418.342       37.161      115.862
      358        1.172        5.327            0      413.864       32.281      115.921
      359        1.028        5.333            0      414.850       26.439      116.217
      360        1.080        5.327            0      414.294       22.591      119.360
      361        1.041        5.309            0      415.766       40.993      117.999
      362        1.226        5.303            0      416.196       26.202      115.263
      363        1.373        5.438            0      419.091       29.475      125.058
      364        1.439        5.447            0      418.526       42.522      121.565
      365        1.510        5.406            0      419.818       43.681      117.511
      366        1.438        5.391            0      420.666       45.184      124.298
      367        1.405        5.389            0      418.917       35.386      120.891
      368        1.838        5.453            0      417.610       31.857      120.646
      369        1.506        5.313            0      421.879       26.351      119.406
      370        1.324        5.361            0      422.042       30.071      120.423
      371        1.483        5.431            0      421.415       48.698      115.268
      372        1.434        5.429            0      416.054       49.066      121.321
      373        1.443        5.464            0      419.027       38.831      122.028
      374        1.436        5.419            0      415.913       33.365      114.631
      375        1.295        5.433            0      422.662       48.675      120.936
      376        1.298        5.415            0      420.363       29.654      122.244
      377        1.369        5.286            0      420.648       51.049      114.679
      378        1.236        5.245            0      417.614       45.089      128.263
      379        1.317        5.324            0      420.042       39.984      119.911
      380        1.521        5.447            0      423.632       39.589      121.199
      381        1.299        5.416            0      417.156       65.610      126.273
      382        1.225        5.429            0      419.329       62.603      123.989
      383        1.194        5.353            0      413.300       63.090      115.811
      384        1.417        5.465            0      419.861       59.540      115.235
      385        1.173        5.381            0      416.139       81.543      114.923
      386        0.991        5.380            0      418.557       50.752      124.406
      387        0.543        5.258            0      423.196       62.072      121.803
      388        0.997        5.447            0      419.046       72.230      123.258
      389        0.919        5.330            0      418.399       62.238      110.636
      390        0.931        5.357            0      415.998       59.705      116.627
      391        1.186        5.409            0      413.725       38.255      122.398
      392        1.188        5.456            0      418.995       59.917      113.860
      393        0.957        5.304            0      420.559       43.635      113.820
      394        1.218        5.345            0      417.284       59.985      126.440
      395        1.533        5.415            0      420.710       63.266      116.113
      396        1.159        5.437            0      422.901       48.096      110.762
      397        1.091        5.187            0      418.982       52.644      110.325
      398        0.920        5.396            0      419.630       61.160      130.794
      399        1.024        5.328            0      415.795       35.199      121.264
      400        1.275        5.395            0      420.547       59.698      114.142
      401        1.244        5.247            0      416.260       53.488      115.475
      402        1.342        5.395            0      418.849       60.071      115.404
      403        1.167        5.334            0      418.932       63.435      115.482
      404        1.116        5.324            0      420.086       75.890      109.209
      405        0.944        5.340            0      422.832       79.308      127.121
      406        0.985        5.098            0      416.836       69.616      110.749
      407        0.978        5.253            0      422.707       60.704      115.387
      408        0.948        5.235            0      415.454       72.336      123.678
      409        0.951        5.322            0      418.689       52.409      118.261
      410        1.335        5.330            0      414.772       63.114      111.253
      411        1.424        5.354            0      414.967       59.372      112.374
      412        1.255        5.449            0      415.724       62.021      116.818
      413        1.055        5.385            0      418.232       72.314      110.933
      414        1.349        5.372            0      417.762       71.992      114.811
      415        1.269        5.297            0      415.546       71.521      121.094
      416        1.296        5.279            0      417.169       69.246      114.884
      417        1.076        5.362            0      419.723       45.910      128.392
      418        1.032        5.326            0      416.469       46.172      116.675
      419        1.234        5.384            0      421.657       46.112      118.566
      420        1.111        5.405            0      415.482       35.522      122.012
      421        1.026        5.295            0      415.012       52.038      125.882
      422        1.114        5.194            0      412.046       58.031      123.744
      423        1.206        5.372            0      417.954       63.569      116.437
      424        1.177        5.190            0      414.121       61.129      119.892
      425        0.937        5.271            0      422.917       92.183      110.112
      426        1.072        5.371            0      414.157       88.573      115.769
      427        0.943        5.274            0      418.755       77.942      119.544
      428        0.922        5.291            0      419.152       68.336      118.585
      429        1.062        5.172            0      422.879       43.206      112.360
      430        1.056        5.148            0      418.824       55.836      105.224
      431        0.871        5.331            0      416.807       57.736      111.852
      432        1.125        5.347            0      419.775       74.399      124.218
      433        1.128        5.243            0      414.405       63.894      108.513
      434        1.031        5.334            0      414.985       65.020      121.262
      435        1.092        5.277            0      417.196       74.099      117.193
      436        1.295        5.331            0      421.534       52.140      116.832
      437        1.169        5.320            0      417.884       51.933      114.676
      438        1.204        5.326            0      418.325       50.957      117.450
      439        1.238        5.322            0      418.560       50.703      121.342
      440        1.299        5.229            0      416.812       64.710      117.799
      441        1.239        5.379            0      417.386      114.870      117.320
      442        0.990        5.212            0      421.276       81.617      118.765
      443        1.210        5.305            0      415.419       61.341      112.787
      444        1.275        5.463            0      419.274       55.321      123.804
      445        1.241        5.390            0      421.006       70.978      111.536
      446        1.187        5.379            0      417.388       72.625      112.865
      447        1.238        5.302            0      418.313       67.869      111.326
      448        1.014        5.155            0      413.549       91.543      122.251
      449        1.318        5.373            0      416.842      106.668      116.267
      450        1.369        5.320            0      413.841      106.622      111.597
      451        1.502        5.534            0      413.847       96.251      118.649
      452        1.483        5.510            0      415.514       89.654      116.328
      453        1.542        5.521            0      419.521       84.833      116.293
      454        1.051        5.312            0      419.178       94.911      109.725
      455        1.080        5.228            0      413.625       59.894      109.097
      456        1.075        5.222            0      417.645       76.827      112.382
      457        0.977        5.173            0      417.922       87.143      102.911
      458        0.912        5.141            0      418.304       91.786      116.315
      459        1.000        5.202            0      420.170      100.523      119.380
      460        1.209        5.212            0      417.880       72.852      120.808
      461        1.101        5.125            0      419.275       61.560      111.235
      462        1.077        5.270            0      415.524       44.571      113.656
      463        1.027        5.092            0      414.802       44.719      114.336
      464        1.203        5.218            0      420.864       82.179      113.763
      465        1.061        5.168            0      416.911       69.087      118.560
      466        0.992        5.254            0      420.068      101.380      109.477
      467        1.033        5.157            0      415.889       61.071      122.807
      468        1.230        5.363            0      423.817       68.102      118.131
      469        1.034        5.244            0      417.804       64.828      122.285
      470        1.084        5.340            0      420.544       64.535      118.540
      471        1.254        5.226            0      418.041       49.437      109.983
      472        1.229        5.291            0      418.076       61.184      119.569
      473        1.182        5.152            0      417.850       70.118      115.535
      474        1.084        5.171            0      416.267       64.811      107.526
      475        1.229        5.292            0      418.956       66.096      110.553
      476        1.160        5.174            0      419.992       95.123      104.228
      477        1.042        5.274            0      421.243      102.745      106.014
      478        1.097        5.295            0      420.770       94.734      111.903
      479        1.169        5.315            0      417.310      106.958      119.507
      480        1.251        5.264            0      419.104      138.376      124.056
      481        1.394        5.301            0      421.008      142.682      111.548
      482        1.318        5.385            0      422.200      138.417      115.594
      483        1.334        5.349            0      422.265      128.207      109.923
      484        1.385        5.263            0      415.621      126.949      114.355
      485        1.545        5.178            0      422.857      135.559      111.489
      486        1.365        5.368            0      418.162       95.326      117.253
      487        1.500        5.236            0      420.962      106.828      112.820
      488        1.425        5.190            0      416.902      114.926      109.440
      489        1.343        5.298            0      420.414      136.867      123.211
      490        1.608        5.200            0      421.033      128.736      120.027
      491        1.027        5.284            0      418.204       97.360      122.726
      492        1.468        5.160            0      417.766       95.258      109.896
      493        1.175        5.214            0      419.477       81.623      122.677
      494        1.155        5.354            0      423.370       64.672      113.167
      495        1.212        5.235            0      419.787       69.597      118.292
      496        1.028        5.140            0      419.781       63.391      115.986
      497        1.302        5.242            0      415.257       71.169      111.204
      498        1.311        5.316            0      421.303       57.899      113.794
      499        1.381        5.207            0      417.566       60.271      118.009
      500        1.074        5.231            0      422.453       65.256      114.765
      501        1.248        5.174            0      418.266       56.016      112.775
      502        1.183        5.182            0      417.878       85.204      112.793
      503        1.131        5.220            0      418.731       76.244      118.850
      504        1.051        5.168            0      417.448       63.254      113.019
      505        1.381        5.319            0      424.746       52.949      115.559
      506        1.119        5.306            0      420.436       66.888      112.426
      507        1.099        5.242            0      424.622       59.633      112.262
      508        1.091        5.247            0      417.795       51.625      117.429
      509        1.070        5.187            0      421.462       37.676      116.368
      510        0.943        5.227            0      421.131       46.530      116.598
      511        1.148        5.091            0      415.003       42.656      112.397
      512        1.272        5.251            0      422.785       57.347      123.540
      513        1.255        5.250            0      419.426       85.848      109.451
      514        1.122        5.213            0      416.946      101.222      108.304
      515        1.050        5.184            0      415.120       71.326      119.377
      516        1.122        5.174            0      417.522       60.812      111.902
      517        1.165        5.330            0      421.479       97.205      113.245
      518        1.006        5.343            0      426.302       76.679      114.300
      519        1.227        5.253            0      421.056       62.707      113.090
      520        1.154        5.216            0      418.953       49.941      111.223
      521        1.089        5.297            0      416.066       74.271      118.245
      522        1.219        5.233            0      418.729       84.366      109.821
      523        1.235        5.317            0      422.475       78.148      121.599
      524        1.313        5.237            0      418.989       72.245      110.458
      525        1.140        5.215            0      418.236       70.100      110.713
      526        1.396        5.153            0      418.183       61.150      120.392
      527        1.218        5.201            0      417.018       33.541      108.090
      528        1.486        5.262            0      417.053       89.144      113.201
      529        1.185        5.221            0      416.958       87.398      121.000
      530        1.296        5.239            0      420.070       66.638      107.035
      531        1.225        5.277            0      422.460       63.379      114.070
      532        1.210        5.235            0      420.051       55.541      117.439
      533        1.173        5.153            0      419.742       51.898      109.374
      534        1.106        5.274            0      419.653       44.889      117.515
      535        1.310        5.244            0      417.713       50.294      120.361
      536        1.095        5.242            0      418.069       61.916      115.402
      537        0.946        5.315            0      418.100       45.506      123.806
      538        1.284        5.276            0      417.985       67.797      112.839
      539        1.366        5.255            0      418.663       55.014      115.671
      540        1.258        5.241            0      418.328       68.859      109.534
      541        1.270        5.281            0      421.271       62.783      107.422
      542        1.210        5.216            0      418.944       86.093      120.660
      543        1.527        5.354            0      419.936       72.372      118.396
      544        1.371        5.310            0      421.605       78.874      121.769
      545        1.212        5.230            0      420.435       65.164      109.207
      546        1.156        5.226            0      420.533       74.229      113.018
      547        1.213        5.338            0      415.837       53.129      120.278
      548        1.298        5.290            0      423.036       75.671      118.765
      549        1.114        5.218            0      418.002       62.642      116.819
      550        1.333        5.265            0      420.511       56.565      115.472
      551        1.206        5.234            0      421.983       58.289      116.679
      552        1.214        5.176            0      417.169       43.053      107.460
      553        1.159        5.240            0      421.050       59.604      110.803
      554        1.269        5.289            0      421.570       50.525      108.634
      555        1.193        5.242            0      422.824       37.799      111.709
      556        1.138        5.107            0      418.110       50.337      116.026
      557        1.110        5.124            0      417.373       46.688      100.276
      558        1.129        5.271            0      420.533       66.391      117.011
      559        1.266        5.320            0      423.071       70.157      115.154
      560        1.177        5.281            0      420.426       61.820      111.650
      561        1.287        5.340            0      421.836       52.709      110.182
      562        1.214        5.143            0      414.080       47.697      117.656
      563        1.321        5.226            0      416.646       67.719      108.570
      564        1.209        5.192            0      419.713       61.429      110.741
      565        1.227        5.287            0      419.232       88.915      110.034
      566        1.508        5.343            0      421.315      116.897      106.933
      567        0.947        5.277            0      412.466      118.905      112.639
      568        1.031        5.186            0      419.034       75.344      117.911
      569        0.977        5.279            0      421.029       92.618      113.172
      570        1.259        5.186            0      419.021       68.838      112.354
      571        1.188        5.235            0      419.767       69.000      119.987
      572        1.181        5.153            0      417.382       54.666      114.562
      573        0.937        5.224            0      422.644       71.071      108.108
      574        0.988        5.274            0      421.666       65.475      113.396
      575        0.931        5.329            0      423.316      111.093      119.343
      576        1.112        5.448            0      420.111       99.441      121.183
      577        1.075        5.306            0      420.868       71.456      119.838
      578        1.065        5.321            0      419.302       75.225      124.930
      579        1.135        5.189            0      416.810       84.542      117.308
      580        0.928        5.023            0      416.585       95.889      110.281
      581        0.951        5.191            0      418.314       93.180      110.983
      582        1.039        5.184            0      418.822       96.236      113.044
      583        1.037        5.229            0      416.784       80.906      108.124
      584        0.850        5.281            0      421.072       92.021      112.122
      585        1.083        5.213            0      418.939       98.325      112.270
      586        1.090        5.191            0      417.953       34.670      113.499
      587        1.074        5.151            0      416.978       80.648      107.415
      588        1.131        5.112            0      417.082       48.378      117.844
      589        0.937        5.209            0      418.965      114.049      119.624
      590        0.922        5.133            0      418.368       89.622      111.878
      591        1.239        5.310            0      420.326      157.136      111.237
      592        1.029        5.252            0      419.807      105.102      115.753
      593        1.026        5.160            0      421.717      144.465      118.201
      594        1.100        5.167            0      415.476      128.384      112.935
      595        0.996        5.235            0      419.387      102.630      121.479
      596        0.949        5.242            0      421.510       93.448      118.588
      597        1.141        5.328            0      422.631      118.801      114.958
      598        0.910        5.129            0      416.521      115.628      116.713
      599        0.976        5.244            0      422.096      113.041      115.438
      600        0.912        5.148            0      418.695      120.414      111.552
      601        0.798        5.219            0      420.001      115.239      118.745
      602        0.786        5.146            0      421.356       75.556      116.029
      603        1.035        5.303            0      419.580       87.941      115.074
      604        0.918        5.242            0      418.941      122.210      120.511
      605        1.250        5.362            0      417.289      151.173      110.941
      606        1.412        5.299            0      417.895      149.823      116.628
      607        1.692        5.382            0      423.844      105.910      112.938
      608        1.332        5.295            0      417.075       76.508      108.813
      609        1.674        5.365            0      419.010       88.531      116.764
      610        1.424        5.349            0      420.586      103.295      116.788
      611        1.391        5.366            0      422.389      103.455      109.876
      612        1.600        5.209            0      416.622      111.641      111.132
      613        1.593        5.331            0      420.413      123.937      112.923
      614        1.427        5.233            0      417.673      121.940      113.585
      615        1.658        5.301            0      417.939      101.182      109.989
      616        1.424        5.208            0      417.645      111.070      114.601
      617        1.092        5.169            0      417.515       88.721      115.114
      618        1.031        5.306            0      421.746      106.509      111.989
      619        1.144        5.301            0      420.448       79.137      115.047
      620        1.200        5.394            0      416.161       66.912      118.994
      621        0.940        5.248            0      420.175       69.504      119.141
      622        1.082        5.282            0      418.293       70.018      118.544
      623        1.051        5.241            0      419.712       66.363      112.576
      624        1.035        5.207            0      420.096       83.067      114.390
      625        1.101        5.080            0      417.411       74.391      106.909
      626        1.109        5.159            0      419.393       55.844      113.367
      627        1.038        5.259            0      418.134       78.324      111.552
      628        1.257        5.329            0      418.319       91.138      115.982
      629        1.020        5.330            0      422.686       59.945      114.565
      630        1.015        5.259            0      420.759       60.054      108.341
      631        0.873        5.405            0      413.334       66.180      130.120
      632        0.921        5.355            0      414.616       88.368      127.834
      633        0.977        5.270            0      421.527       87.258      115.202
      634        1.021        5.311            0      420.766       78.082      113.927
      635        1.001        5.304            0      421.040       73.601      118.601
      636        1.232        5.249            0      414.689       83.523      115.142
      637        0.965        5.286            0      420.374       70.220      117.463
      638        1.084        5.241            0      420.877       49.358      112.100
      639        0.946        5.120            0      416.684       55.761      111.406
      640        0.977        5.239            0      421.347       53.269      116.934
      641        1.097        5.152            0      419.743       71.691      118.625
      642        1.013        5.302            0      423.093       81.642      113.964
      643        1.223        5.201            0      420.224       87.687      115.948
      644        1.160        5.215            0      418.561       92.447      113.984
      645        1.176        5.239            0      418.315      104.323      117.147
      646        1.461        5.355            0      419.192      109.622      117.409
      647        1.444        5.182            0      417.074      100.989      105.514
      648        1.449        5.247            0      417.593       50.152      107.454
      649        1.545        5.119            0      414.609       77.018      100.159
      650        1.003        5.270            0      422.124       89.124      113.586
      651        0.950        5.320            0      422.758       87.363      119.018
      652        0.966        5.182            0      418.570       59.317      120.176
      653        1.045        5.265            0      418.678       68.131      117.489
      654        1.119        5.359            0      421.517       89.337      112.029
      655        1.258        5.339            0      421.400       70.996      116.682
      656        1.109        5.275            0      419.208       86.424      107.505
      657        1.291        5.211            0      418.791       80.898      116.043
      658        1.295        5.321            0      421.988       75.861      113.079
      659        1.306        5.242            0      419.224       63.127      116.859
      660        1.103        5.261            0      416.337       65.842      112.729
      661        0.943        5.295            0      423.036       97.965      114.859
      662        1.178        5.242            0      420.157       66.157      117.886
      663        1.309        5.196            0      415.767       51.908      108.392
      664        1.262        5.265            0      421.596       61.149      114.065
      665        1.132        5.128            0      418.883       42.787      115.278
      666        1.341        5.194            0      420.682       49.903      115.010
      667        1.168        5.172            0      421.625       55.296      112.023
      668        1.339        5.209            0      419.517       51.073      103.861
      669        1.250        5.062            0      413.631       34.312      114.212
      670        1.208        5.109            0      416.973       48.427      115.221
      671        1.207        5.192            0      418.618       44.612      110.104
      672        1.240        5.248            0      421.074       57.786      117.556
      673        1.075        5.170            0      421.923       41.803      115.102
      674        1.206        5.137            0      418.352       54.792      112.730
      675        1.173        5.158            0      418.749       37.624      109.213
      676        1.157        5.252            0      419.504       54.417      121.448
      677        1.279        5.215            0      418.786       30.649      113.952
      678        1.248        5.250            0      421.071       34.230      114.215
      679        1.322        5.283            0      420.869       47.076      113.935
      680        1.276        5.147            0      417.108       42.818      118.483
      681        1.373        5.177            0      416.537       42.901      113.121
      682        1.251        5.216            0      418.203       47.341      114.228
      683        1.046        5.255            0      420.914       48.844      110.840
      684        1.378        5.251            0      420.329       48.770      112.076
      685        1.140        5.251            0      423.003       81.776      117.543
      686        1.350        5.207            0      418.190       74.990      121.156
      687        1.365        5.234            0      419.674       73.919      114.260
      688        1.306        5.218            0      416.884       56.412      111.543
      689        1.227        5.297            0      420.869       49.948      111.617
      690        1.145        5.156            0      416.447       65.064      114.357
      691        1.100        5.141            0      417.281       48.163      119.907
      692        0.957        5.193            0      418.493       70.842      113.221
      693        1.398        5.310            0      417.222      121.427      115.974
      694        1.403        5.177            0      414.886      100.351      111.881
      695        1.521        5.292            0      419.480      136.133      114.193
      696        1.447        5.289            0      418.017       91.684      115.305
      697        1.397        5.289            0      422.380       90.560      115.533
      698        1.344        5.260            0      422.349      110.476      114.980
      699        1.323        5.316            0      416.474      102.684      113.828
      700        1.348        5.245            0      420.980      109.137      110.489
      701        1.373        5.382            0      422.065      112.411      117.206
      702        1.443        5.149            0      419.058      115.480      110.170
      703        1.429        5.161            0      415.083      111.076      109.449
      704        1.587        5.137            0      418.561       94.358      110.905
      705        1.717        5.348            0      421.812      106.454      114.626
      706        1.439        5.297            0      419.132       77.241      119.603
      707        1.397        5.346            0      419.710       88.957      116.191
      708        1.397        5.104            0      413.152      112.568      108.799
      709        1.297        5.211            0      416.697       94.745      115.269
      710        1.201        5.230            0      421.472       90.485      113.066
      711        1.402        5.247            0      418.757      110.209      110.561
      712        1.463        5.168            0      419.017       82.833      113.508
      713        1.032        5.240            0      419.094       75.416      113.788
      714        1.216        5.334            0      420.904       58.947      114.244
      715        1.135        5.363            0      422.856       51.119      125.992
      716        0.941        5.277            0      420.111       54.556      109.904
      717        0.932        5.214            0      421.059       50.201      116.070
      718        0.907        5.186            0      418.003       60.144      108.153
      719        0.946        5.251            0      417.675       56.651      123.718
      720        0.945        5.298            0      422.139       65.378      116.408
      721        1.071        5.237            0      419.513       50.061      114.958
      722        1.099        5.134            0      417.214       41.307      118.902
      723        1.116        5.212            0      416.745       48.393      112.399
      724        0.932        5.192            0      419.396       42.367      112.476
      725        0.926        5.202            0      416.014       57.994      116.424
      726        1.089        5.181            0      418.125       55.514      110.181
      727        0.935        5.293            0      416.513       73.331      115.907
      728        1.010        5.004            0      417.365       31.619      108.376
      729        1.154        5.249            0      419.094       56.749      109.684
      730        1.117        5.277            0      417.510       49.505      120.767
      731        1.012        5.377            0      422.133       59.306      130.481
      732        0.926        5.076            0      417.212       52.306      106.468
      733        0.918        5.297            0      418.160       95.443      117.647
      734        0.869        5.329            0      419.822       92.148      112.768
      735        0.987        5.270            0      417.659       76.291      119.704
      736        1.027        5.137            0      421.072       56.208      120.275
      737        1.013        5.201            0      418.308       70.379      112.647
      738        1.060        5.281            0      416.721       64.939      122.552
      739        1.033        5.157            0      417.760       49.580      108.399
      740        1.059        5.294            0      420.284       64.164      117.434
      741        1.019        5.171            0      418.878       56.912      107.332
      742        1.125        5.127            0      422.006       62.190      112.899
      743        1.012        5.270            0      419.511       73.252      118.027
      744        1.063        5.193            0      417.209       41.021      113.474
      745        0.965        5.203            0      415.993       73.008      119.807
      746        1.020        5.197            0      419.476       55.636      107.563
      747        1.210        5.152            0      417.905       41.731      116.485
      748        1.094        5.225            0      421.288       61.682      122.374
      749        1.118        5.204            0      419.935       41.381      114.908
      750        1.075        5.183            0      418.708       36.262      124.937
      751        1.047        5.105            0      419.847       36.450      111.985
      752        1.060        5.194            0      416.201       42.333      120.291
      753        1.000        5.202            0      418.315       45.137      113.556
      754        0.910        5.267            0      419.783       34.257      112.368
      755        0.917        5.232            0      420.081       47.030      117.430
      756        0.912        5.188            0      420.456       34.724      117.526
      757        1.019        5.182            0      418.016       44.953      106.950
      758        0.982        5.235            0      419.606       46.923      108.755
      759        1.037        5.311            0      419.891       30.289      114.612
      760        0.895        5.170            0      417.698       31.609      114.887
      761        0.982        5.114            0      415.532       45.927      113.344
      762        1.035        5.183            0      419.621       37.286      111.148
      763        0.964        5.239            0      420.020       61.932      107.996
      764        0.942        5.247            0      419.197       40.394      121.676
      765        0.953        5.204            0      419.267       40.163      116.140
      766        1.049        5.313            0      425.437       36.155      112.101
      767        1.036        5.256            0      416.214       39.459      119.745
      768        0.908        5.210            0      419.538       25.942      113.663
      769        1.007        5.253            0      419.718       27.146      110.515
      770        0.990        5.219            0      420.642       42.761      112.764
      771        0.897        5.133            0      418.612       34.760      122.002
      772        1.006        5.243            0      421.308       34.365      112.688
      773        0.966        5.096            0      418.444       28.357      113.509
      774        1.037        5.148            0      415.391       46.150      102.518
      775        0.915        5.220            0      418.712       37.438      117.417
      776        1.177        5.260            0      420.845       49.108      111.167
      777        1.188        5.291            0      419.282       24.813      114.075
      778        1.023        5.270            0      420.095       36.209      121.252
      779        0.944        5.141            0      417.406       44.478      110.834
      780        0.989        5.234            0      419.988       33.934      119.397
      781        0.969        5.207            0      419.316       34.123      111.720
      782        0.987        5.267            0      420.922       35.205      115.786
      783        0.887        5.111            0      416.163       35.977      109.222
      784        0.984        5.144            0      417.928       35.155      107.765
      785        0.896        5.213            0      422.767       32.379      118.135
      786        0.779        5.218            0      420.631       35.348      123.898
      787        0.958        5.209            0      420.301       43.871      111.939
      788        0.972        5.157            0      415.497       42.828      113.935
      789        0.859        5.204            0      420.166       45.035      113.976
      790        0.960        5.211            0      418.233       44.190      112.499
      791        0.877        5.161            0      416.539       49.413      107.027
      792        1.247        5.387            0      418.623       51.258      116.116
      793        1.359        5.354            0      421.860       60.391      108.955
      794        1.153        5.357            0      422.330       57.238      123.087
      795        1.160        5.402            0      420.869       40.708      127.969
      796        1.412        5.369            0      421.151       54.677      120.960
      797        1.096        5.256            0      420.265       89.292      120.752
      798        1.096        5.214            0      415.501       56.107      110.647
      799        1.061        5.235            0      418.923       55.656      111.963
      800        0.883        5.174            0      415.907       43.576      111.035
      801        0.961        5.104            0      414.211       41.371      109.770
      802        0.979        5.189            0      422.276       63.095      120.437
      803        1.090        5.231            0      417.840       74.717      114.612
      804        0.956        5.213            0      421.504       43.664      110.038
      805        1.081        5.161            0      416.372       35.423      116.445
      806        1.084        5.112            0      417.855       31.565      113.023
      807        1.217        5.094            0      417.545       37.241      117.914
      808        1.303        5.258            0      418.163       54.269      112.778
      809        1.140        5.216            0      418.727       33.382      107.138
      810        1.104        5.196            0      419.173       52.168      112.157
      811        1.366        5.221            0      418.753       40.846      115.264
      812        1.182        5.208            0      420.382       52.295      115.415
      813        1.218        5.196            0      419.553       25.329      113.214
      814        1.115        5.178            0      418.303       40.359      117.937
      815        1.124        5.255            0      420.824       59.989      115.085
      816        1.519        5.319            0      420.443       50.640      113.597
      817        1.063        5.092            0      418.729       52.821      111.509
      818        1.347        5.251            0      421.730       62.116      115.371
      819        1.296        5.238            0      418.509       45.524      117.313
      820        1.381        5.189            0      420.956       40.127      114.974
      821        1.128        5.185            0      418.198       48.196      111.093
      822        1.143        5.198            0      416.488       33.120      109.904
      823        1.155        5.168            0      420.024       40.130      108.733
      824        1.155        5.180            0      421.558       54.893      116.799
      825        1.182        5.122            0      418.384       46.504      115.001
      826        0.915        5.289            0      421.957       38.449      122.198
      827        1.183        5.297            0      425.978       52.326      127.757
      828        1.039        5.202            0      419.069       52.641      114.737
      829        1.195        5.180            0      421.274       59.209      110.039
      830        1.350        5.329            0      422.203       53.388      114.033
      831        1.312        5.377            0      418.417       47.303      111.658
      832        1.290        5.356            0      417.709       75.516      115.785
      833        1.497        5.191            0      415.144       37.049      116.454
      834        1.352        5.133            0      416.752       35.878      113.864
      835        1.173        5.230            0      420.467       60.327      113.181
      836        1.081        5.247            0      418.482       53.896      119.359
      837        1.038        5.274            0      420.409       46.740      118.939
      838        1.229        5.227            0      420.205       44.367      113.201
      839        1.152        5.220            0      418.368       38.887      119.374
      840        1.168        5.144            0      413.193       41.324      119.543
      841        1.138        5.162            0      415.297       46.526      120.428
      842        1.240        5.322            0      418.553       39.101      120.468
      843        1.208        5.313            0      419.422       34.479      111.466
      844        0.781        5.156            0      419.815       38.468      111.420
      845        1.219        5.235            0      416.085       56.570      121.017
      846        1.243        5.101            0      414.174       38.037      124.950
      847        1.245        5.296            0      420.500       58.746      116.161
      848        1.056        5.205            0      418.489       47.986      120.606
      849        1.198        5.163            0      415.160       30.739      119.090
      850        1.196        5.115            0      416.612       40.777      109.075
      851        1.170        5.269            0      421.552       79.943      110.506
      852        1.364        5.342            0      420.575       61.419      121.870
      853        1.446        5.284            0      422.257       66.835      114.041
      854        1.123        5.243            0      418.723       47.910      115.453
      855        1.150        5.235            0      419.745       47.644      118.633
      856        1.097        5.161            0      418.072       56.450      114.770
      857        1.134        5.192            0      419.084       58.277      117.844
      858        1.168        5.294            0      420.157       61.989      115.728
      859        1.170        5.263            0      419.783       57.502      129.222
      860        1.198        5.233            0      418.874       46.316      116.113
      861        1.188        5.273            0      419.805       53.214      116.133
      862        1.121        5.232            0      416.887       41.213      116.021
      863        1.159        5.194            0      417.012       26.003      123.172
      864        1.225        5.269            0      418.914       48.600      116.473
      865        1.144        5.161            0      412.698       49.798      132.551
      866        1.125        5.185            0      421.307       38.091      113.481
      867        1.154        5.211            0      418.358       31.703      117.201
      868        1.124        5.216            0      419.209       32.639      119.782
      869        1.059        5.228            0      420.066       36.545      116.616
      870        1.043        5.268            0      421.736       59.995      119.372
      871        1.088        5.293            0      423.068       34.940      119.599
      872        1.026        5.225            0      417.463       47.190      119.471
      873        1.063        5.204            0      417.719       38.738      124.073
      874        1.096        5.176            0      418.057       46.540      117.667
      875        1.036        5.159            0      414.690       51.834      114.868
      876        1.230        5.226            0      418.921       47.935      122.526
      877        0.997        5.150            0      420.145       30.695      119.159
      878        1.151        5.232            0      422.872       54.731      115.657
      879        1.349        5.253            0      423.474       54.920      115.715
      880        1.188        5.262            0      420.471       39.457      117.992
      881        1.066        5.252            0      418.713       49.672      115.067
      882        0.968        5.289            0      417.537       35.674      116.730
      883        0.911        5.198            0      414.966       55.996      113.775
      884        1.116        5.180            0      417.665       39.989      128.651
      885        1.078        5.298            0      420.230       73.284      120.064
      886        1.003        5.202            0      416.834       47.009      115.438
      887        0.914        5.251            0      415.097       39.360      118.255
      888        1.237        5.378            0      422.386       62.828      120.599
      889        1.107        5.357            0      425.220       68.635      116.317
      890        1.074        5.363            0      422.742       56.509      116.871
      891        0.940        5.147            0      422.373       55.608      107.111
      892        0.908        5.310            0      425.265       37.621      118.036
      893        0.990        5.146            0      419.730       60.173      115.832
      894        1.196        5.222            0      421.247       59.613      116.221
      895        1.072        5.267            0      421.205       60.509      127.576
      896        1.063        5.096            0      414.910       53.800      117.448
      897        1.133        5.195            0      419.160       39.002      114.304
      898        1.162        5.232            0      418.410       64.854      113.792
      899        0.932        5.275            0      416.509      119.724      115.153
      900        1.392        5.302            0      420.164      107.659      105.768
      901        1.687        5.352            0      419.055      126.966      111.208
      902        1.416        5.228            0      417.669      129.474      117.198
      903        1.537        5.356            0      420.049      118.023      118.246
      904        1.379        5.354            0      423.170      108.903      104.987
      905        1.560        5.401            0      425.008      105.369      120.608
      906        1.552        5.303            0      419.078      110.120      115.919
      907        1.425        5.198            0      419.763       89.519      113.854
      908        1.321        5.304            0      418.406      121.598      108.654
      909        1.433        5.306            0      419.551      123.115      106.056
      910        1.616        5.291            0      420.295      127.238      116.601
      911        1.488        5.377            0      420.994      122.895      108.855
      912        1.523        5.318            0      421.923       87.306      120.803
      913        1.355        5.320            0      420.094      105.167      108.217
      914        1.541        5.343            0      418.988      117.999      110.627
      915        1.335        5.320            0      423.640      110.110      107.614
      916        1.512        5.297            0      419.347      113.801      112.792
      917        1.470        5.262            0      417.425      100.931      112.782
      918        1.050        5.352            0      418.851      122.826      120.045
      919        1.229        5.270            0      419.741      106.097      108.139
      920        1.278        5.208            0      416.412      120.733      115.166
      921        1.207        5.279            0      416.833       87.839      111.935
      922        1.363        5.170            0      414.141       97.543      108.658
      923        1.256        5.316            0      420.500       69.993      110.547
      924        1.213        5.303            0      422.907       62.446      115.104
      925        1.091        5.321            0      422.217       79.509      113.763
      926        1.255        5.329            0      420.758       80.558      114.447
      927        0.905        5.135            0      417.649       95.175      111.317
      928        0.706        5.266            0      420.223      131.229      121.928
      929        1.006        5.290            0      417.881       83.754      115.558
      930        0.934        5.231            0      414.599       76.909      120.358
      931        0.849        5.146            0      418.175       65.076      115.211
      932        1.005        5.272            0      422.162       68.530      113.298
      933        0.761        5.209            0      418.963       77.987      115.701
      934        0.932        5.307            0      417.706       81.935      116.205
      935        1.084        5.339            0      423.112       99.622      112.878
      936        0.940        5.179            0      417.516       85.165      116.772
      937        1.190        5.257            0      421.343       91.691      111.759
      938        1.005        5.240            0      418.255       88.540      117.517
      939        0.881        5.239            0      419.987       66.100      110.463
      940        1.101        5.285            0      422.571       95.141      113.200
      941        0.796        5.141            0      416.307       92.967      110.043
      942        1.036        5.227            0      416.959       51.367      102.011
      943        0.996        5.314            0      424.536       76.359      117.382
      944        0.925        5.221            0      420.798       33.747      113.621
      945        1.220        5.367            0      420.532       76.357      110.044
      946        0.996        5.298            0      420.259       62.118      107.603
      947        1.055        5.227            0      419.161       67.877      114.128
      948        0.995        5.179            0      416.655       84.577      119.967
      949        1.131        5.265            0      418.275      100.185      110.766
      950        0.964        5.305            0      420.303      103.355      115.675
      951        0.958        5.269            0      419.913       96.253      113.041
      952        1.052        5.205            0      420.145       69.725      116.305
      953        0.869        5.248            0      419.774       58.377      122.053
      954        0.983        5.152            0      417.594       63.112      109.006
      955        0.978        5.217            0      418.204       47.495      113.805
      956        0.961        5.336            0      419.264       83.776      113.202
      957        1.073        5.332            0      417.972       71.261      120.204
      958        1.307        5.306            0      422.949       92.952      112.576
      959        1.414        5.306            0      422.007       86.515      110.073
      960        1.325        5.322            0      418.684       91.829      120.350
      961        1.054        5.365            0      423.141       75.902      116.396
      962        1.032        5.368            0      422.286       51.072      112.101
      963        1.074        5.232            0      415.172       74.269      117.165
      964        0.892        5.160            0      420.089       50.224      111.967
      965        0.840        5.193            0      420.247       48.549      115.854
      966        0.934        5.286            0      421.810       50.077      109.234
      967        1.004        5.075            0      419.306       38.491      117.788
      968        1.031        5.265            0      418.914       50.834      114.041
      969        1.026        5.308            0      423.340       66.234      116.976
      970        1.133        5.398            0      418.559       41.339      130.917
      971        1.282        5.360            0      420.616       75.284      115.906
      972        1.255        5.281            0      420.738       60.221      121.123
      973        1.071        5.186            0      415.155       53.482      118.593
      974        1.147        5.307            0      419.215       49.883      124.798
      975        1.003        5.192            0      417.636       28.407      112.418
      976        1.161        5.247            0      421.412       40.402      119.269
      977        0.974        5.218            0      418.126       32.126      114.149
      978        0.841        5.129            0      414.492       51.710      109.230
      979        1.113        5.391            0      424.456       67.046      114.958
      980        1.192        5.288            0      419.714       56.050      106.445
      981        1.180        5.351            0      422.482       57.981      119.649
      982        1.134        5.339            0      419.134       88.000      127.846
      983        1.048        5.227            0      419.310       48.375      112.842
      984        1.159        5.302            0      420.650       73.696      115.829
      985        1.057        5.247            0      421.390       63.106      120.552
      986        1.042        5.167            0      418.090       52.620      117.326
      987        0.886        5.229            0      421.328       56.393      115.454
      988        1.040        5.285            0      418.187       97.838      105.696
      989        0.964        5.282            0      423.626       49.782      113.155
      990        1.085        5.385            0      422.490       62.035      117.516
      991        0.950        5.304            0      423.097       52.275      118.912
      992        0.849        5.285            0      423.925       94.822      110.285
      993        1.398        5.337            0      418.994      104.434      116.380
      994        1.400        5.370            0      417.651       91.605      116.515
      995        1.550        5.431            0      423.300       78.862      116.655
      996        1.314        5.497            0      421.586       94.830      125.712
      997        1.237        5.420            0      418.660       92.983      125.628
      998        1.314        5.264            0      421.680       81.187      115.644
      999        1.329        5.260            0      420.277       92.610      115.735
     1000        1.463        5.305            0      417.909       79.477      121.548
