  Frame #         RMSD         rGyr      intraHB        MolSA         SASA          PSA
        0        0.000        5.218            0      419.987       52.976      120.193
        1        1.197        4.736            0      415.432       25.603      111.328
        2        1.100        4.832            0      421.885       26.708      114.445
        3        1.259        4.717            0      414.719       12.880      104.108
        4        1.482        4.631            0      413.588       14.857      116.661
        5        1.540        4.552            0      410.101       24.334      111.672
        6        1.301        4.712            0      418.273       33.024      118.123
        7        1.410        4.649            0      413.941       16.846      117.944
        8        1.836        4.462            0      402.776       24.760      114.134
        9        2.253        4.276            0      395.313       23.089      117.511
       10        2.333        4.174            0      386.356       24.831      117.716
       11        2.125        4.312            0      402.971       13.812      131.894
       12        2.148        4.329            0      401.838       13.265      125.105
       13        1.849        4.529            0      406.923       24.770      118.309
       14        2.012        4.406            0      408.562       10.295      124.407
       15        1.760        4.495            0      410.891       11.716      127.671
       16        1.642        4.657            0      415.437       21.001      110.063
       17        1.919        4.469            0      413.412       12.756      126.556
       18        1.862        4.526            0      415.234        9.844      122.706
       19        1.907        4.390            0      406.326       14.133      123.495
       20        2.042        4.407            0      406.435       15.364      114.113
       21        2.013        4.402            0      409.097       12.055      125.622
       22        2.030        4.434            0      408.301       14.038      117.871
       23        1.808        4.487            0      410.133       15.672      115.255
       24        2.028        4.379            0      405.388       15.229      126.674
       25        1.864        4.571            0      416.904       13.833      128.933
       26        2.125        4.339            0      399.417       12.766      115.330
       27        2.087        4.403            0      401.291       16.813      110.347
       28        1.956        4.421            0      408.277       16.345      118.817
       29        1.869        4.488            0      410.612        9.328      119.914
       30        2.042        4.390            0      401.446       16.136      111.482
       31        2.055        4.391            0      409.710        4.990      119.732
       32        2.128        4.385            0      407.615       25.902      115.416
       33        2.425        4.171            0      387.129       22.533      122.821
       34        2.152        4.366            0      405.642       19.153      114.343
       35        2.252        4.303            0      402.828       26.217      122.109
       36        2.034        4.383            0      406.378       20.094      118.831
       37        2.233        4.298            0      402.967       24.798      122.784
       38        2.208        4.281            0      399.021       37.485      113.112
       39        2.252        4.343            0      406.048       17.930      120.634
       40        2.168        4.289            0      398.143       19.710      120.183
       41        2.150        4.326            0      399.229       25.473      116.034
       42        2.208        4.305            0      397.821       29.209      122.031
       43        2.139        4.283            0      395.990       27.731      115.364
       44        2.147        4.308            0      398.478       39.942      110.368
       45        2.070        4.406            0      411.768       36.885      118.420
       46        2.058        4.335            0      400.840       27.993      118.661
       47        2.211        4.268            0      396.126       25.227      123.308
       48        2.297        4.234            0      393.643       22.972      118.992
       49        2.203        4.440            0      405.690       20.136      119.429
       50        2.310        4.239            0      393.807       17.914      123.785
       51        2.077        4.370            0      405.554       23.911      122.509
       52        2.162        4.378            0      407.479       16.059      119.794
       53        2.277        4.236            0      393.023       14.170      123.155
       54        2.215        4.215            0      389.647       18.618      120.092
       55        2.290        4.274            0      393.917       19.090      117.946
       56        2.166        4.340            0      402.842       19.696      120.188
       57        2.108        4.351            0      405.246       20.654      121.455
       58        2.200        4.319            0      401.956       14.918      121.423
       59        2.271        4.296            0      401.351       23.843      112.176
       60        1.946        4.519            0      418.286       27.146      114.886
       61        2.320        4.363            0      408.626       19.092      115.416
       62        2.070        4.472            0      413.782       16.204      116.489
       63        2.086        4.385            0      408.777       26.119      123.417
       64        2.097        4.386            0      405.878       19.771      118.636
       65        2.086        4.356            0      405.952       25.507      126.119
       66        2.111        4.380            0      404.471       20.375      119.620
       67        2.077        4.358            0      406.574       25.344      112.135
       68        2.207        4.363            0      405.369       25.358      120.860
       69        2.122        4.388            0      411.419       24.116      121.344
       70        2.140        4.328            0      397.885       30.481      122.963
       71        2.195        4.319            0      402.797       23.329      123.248
       72        2.002        4.468            0      413.494       33.204      118.609
       73        1.906        4.500            0      417.203       46.159      121.861
       74        2.131        4.348            0      397.449       19.266      117.208
       75        2.170        4.324            0      397.110       20.571      117.164
       76        1.814        4.528            0      413.482       24.163      128.894
       77        1.801        4.525            0      413.396       31.236      114.680
       78        2.101        4.483            0      409.624       25.184      115.628
       79        2.277        4.299            0      399.363       26.189      119.546
       80        2.214        4.302            0      394.786       31.237      120.421
       81        2.227        4.334            0      400.140       35.552      122.964
       82        1.874        4.522            0      412.201       21.899      115.285
       83        1.854        4.527            0      413.979       15.524      111.252
       84        1.647        4.722            0      416.999       11.977      118.503
       85        1.615        4.730            0      417.025       16.621      126.216
       86        1.460        4.730            0      419.681       16.042      125.356
       87        1.645        4.742            0      418.443       16.179      109.087
       88        1.731        4.663            0      415.584       15.705      115.649
       89        1.580        4.650            0      414.417       11.591      110.586
       90        1.800        4.563            0      417.279       16.234      122.096
       91        1.821        4.566            0      411.373       27.464      127.762
       92        1.795        4.598            0      413.996       23.642      119.505
       93        1.842        4.677            0      416.027       30.269      114.294
       94        2.020        4.428            0      404.442       19.976      126.468
       95        1.848        4.553            0      410.531       23.410      111.749
       96        1.880        4.542            0      411.128       20.707      123.366
       97        1.617        4.742            0      418.295       19.389      124.422
       98        1.768        4.539            0      408.697       26.449      107.943
       99        1.656        4.674            0      415.942       26.678      114.275
      100        1.829        4.597            0      408.884       17.543      117.885
      101        1.933        4.470            0      405.854       11.388      118.469
      102        1.693        4.713            0      415.858       24.844      124.994
      103        1.759        4.608            0      413.353       12.462      123.548
      104        1.885        4.564            0      413.296       28.294      115.770
      105        1.734        4.581            0      411.675       17.508      115.151
      106        1.866        4.539            0      410.125       15.409      116.532
      107        1.761        4.673            0      419.104       22.135      110.112
      108        1.608        4.693            0      420.591       28.258      105.066
      109        2.037        4.462            0      405.469       13.738      118.342
      110        1.787        4.580            0      412.922       18.728      115.715
      111        1.790        4.573            0      411.337       21.095      116.270
      112        1.757        4.615            0      418.213       22.986      122.049
      113        1.727        4.562            0      410.358       14.117       99.572
      114        1.810        4.579            0      414.866       16.035      115.216
      115        1.911        4.539            0      409.975       18.447      112.483
      116        1.598        4.638            0      415.250       25.488      121.101
      117        1.785        4.672            0      415.447       17.534      117.027
      118        1.939        4.537            0      407.432        6.226      121.593
      119        1.884        4.535            0      408.144       14.833      117.208
      120        1.591        4.695            0      415.814       18.584      114.947
      121        1.907        4.527            0      410.554       18.871      115.950
      122        1.857        4.559            0      412.997       16.351      116.881
      123        1.846        4.465            0      402.631       22.992      110.190
      124        1.896        4.593            0      416.186       16.105      123.502
      125        1.864        4.502            0      405.007       24.959      108.276
      126        1.910        4.612            0      415.231       24.981      119.913
      127        1.940        4.516            0      409.143       19.416      122.518
      128        1.867        4.556            0      418.991       24.396      120.478
      129        1.811        4.560            0      414.053       19.695      123.229
      130        1.708        4.625            0      413.474       21.998      112.593
      131        1.812        4.558            0      412.475       23.047      129.881
      132        1.820        4.628            0      417.426       22.963      126.514
      133        1.902        4.447            0      402.824       22.213      122.588
      134        1.908        4.534            0      409.959       19.353      113.430
      135        1.646        4.672            0      421.975       30.073      127.198
      136        1.742        4.636            0      417.124       22.351      117.353
      137        1.841        4.626            0      418.872       28.970      114.433
      138        1.905        4.499            0      410.731       26.444      118.166
      139        1.684        4.653            0      416.372       20.221      124.778
      140        1.796        4.691            0      420.532       25.665      112.315
      141        1.709        4.694            0      419.822       30.901      110.296
      142        1.855        4.671            0      420.287       23.870      118.912
      143        1.841        4.576            0      408.522       24.131      130.662
      144        1.752        4.689            0      418.367       25.811      121.683
      145        1.822        4.625            0      414.065       22.259      128.304
      146        1.836        4.662            0      420.954       19.060      119.612
      147        1.817        4.637            0      415.606       19.887      108.442
      148        1.697        4.596            0      411.920       24.751      111.945
      149        1.641        4.692            0      417.556       29.510      116.616
      150        1.805        4.594            0      416.233       22.955      105.657
      151        1.889        4.518            0      408.264       15.153      118.276
      152        1.875        4.563            0      411.943       23.393      121.246
      153        1.831        4.584            0      410.710       16.266      125.388
      154        1.685        4.603            0      413.837       22.250      110.534
      155        1.830        4.561            0      409.521       14.643      115.613
      156        1.886        4.537            0      411.697       12.855      119.035
      157        1.769        4.626            0      415.333       11.976      110.626
      158        1.661        4.728            0      418.762       19.292      122.366
      159        1.875        4.598            0      415.618       17.725      111.749
      160        1.926        4.533            0      409.991       18.131      112.310
      161        2.021        4.487            0      410.491       13.211      116.458
      162        1.905        4.485            0      406.044       12.583      114.401
      163        1.633        4.657            0      411.632       19.501      102.554
      164        1.794        4.538            0      408.030       14.274      117.707
      165        1.842        4.488            0      405.587        6.422      109.390
      166        2.032        4.447            0      407.422       20.681      123.417
      167        1.881        4.547            0      413.319       23.868      121.363
      168        1.791        4.596            0      412.794       17.389      119.332
      169        1.969        4.492            0      408.024       29.792      117.901
      170        1.687        4.691            0      419.915       37.803      116.519
      171        1.963        4.502            0      412.357       21.344      121.481
      172        1.889        4.595            0      410.227       20.665      115.527
      173        1.991        4.387            0      398.595       12.992      114.884
      174        1.855        4.559            0      412.377       26.415      113.980
      175        1.532        4.816            0      421.425       40.331      114.111
      176        1.767        4.650            0      420.455       22.136      117.030
      177        2.095        4.445            0      405.448       19.571      123.707
      178        1.846        4.489            0      406.950       22.106      111.984
      179        1.951        4.478            0      407.481       22.650      117.649
      180        1.674        4.514            0      406.654       34.631      116.284
      181        1.942        4.596            0      411.666       28.053      120.269
      182        2.267        4.264            0      393.220       29.041      129.297
      183        1.770        4.589            0      412.507       17.523      124.543
      184        1.926        4.545            0      413.120       32.709      110.343
      185        1.837        4.535            0      408.033       21.435      115.678
      186        2.018        4.402            0      402.235       22.914      122.361
      187        2.006        4.503            0      412.315       13.447      119.315
      188        1.781        4.617            0      415.030       23.319      119.824
      189        1.783        4.604            0      413.180       33.710      110.788
      190        1.808        4.588            0      418.262       25.254      116.658
      191        1.934        4.531            0      413.618       19.616      120.459
      192        2.064        4.460            0      407.771       20.930      127.677
      193        1.750        4.616            0      414.812       28.793      117.953
      194        2.055        4.562            0      413.639       26.730      124.612
      195        2.063        4.475            0      407.811       21.152      123.014
      196        1.874        4.610            0      412.585       26.497      125.837
      197        1.880        4.600            0      411.726       24.663      119.279
      198        1.933        4.690            0      420.399       13.862      119.010
      199        2.012        4.454            0      403.366       22.467      116.526
      200        1.793        4.692            0      416.458       27.649      117.327
      201        1.856        4.587            0      416.046       29.740      119.726
      202        1.931        4.517            0      409.854       22.991      120.610
      203        1.798        4.628            0      418.120       19.455      114.774
      204        1.806        4.613            0      417.334       19.468      122.260
      205        2.053        4.510            0      411.477       19.110      121.078
      206        1.737        4.614            0      416.336       13.279      118.666
      207        1.860        4.550            0      411.850       15.882      120.505
      208        1.821        4.654            0      418.994       15.778      114.033
      209        1.880        4.574            0      415.377       13.958      115.892
      210        1.656        4.732            0      423.856       17.408      121.906
      211        1.836        4.631            0      415.325       20.709      105.133
      212        1.805        4.633            0      414.998       19.333      117.854
      213        1.884        4.601            0      415.646       19.082      115.812
      214        1.826        4.556            0      407.838       16.255      114.727
      215        1.862        4.553            0      412.307       21.850      121.603
      216        2.017        4.626            0      417.280       13.445      115.623
      217        1.309        4.890            0      418.785       19.895      106.539
      218        1.766        4.639            0      420.178       21.276      114.559
      219        2.039        4.444            0      403.490       17.860      119.880
      220        1.907        4.560            0      416.381       31.199      117.191
      221        1.872        4.517            0      408.118       16.298      116.628
      222        1.918        4.587            0      414.865       35.141      116.183
      223        1.856        4.482            0      403.973       21.040      113.590
      224        1.677        4.697            0      414.125       20.272      114.632
      225        1.783        4.589            0      415.468       22.073      132.105
      226        1.744        4.649            0      417.094       24.875      107.066
      227        1.863        4.543            0      410.543       19.770      112.766
      228        1.872        4.608            0      413.748       25.361      110.866
      229        1.916        4.566            0      412.110       38.083      124.493
      230        1.848        4.589            0      413.788       22.493      110.755
      231        1.939        4.530            0      410.329       29.125      126.886
      232        1.985        4.482            0      404.411       28.714      117.921
      233        1.884        4.527            0      407.591       19.332      111.893
      234        1.954        4.481            0      403.761       26.332      108.086
      235        1.767        4.676            0      413.309       35.324      125.118
      236        1.980        4.518            0      411.325       34.461      126.777
      237        1.986        4.461            0      404.001       30.991      122.482
      238        1.909        4.597            0      413.260       33.980      115.024
      239        1.844        4.583            0      413.633       33.041      110.955
      240        1.841        4.521            0      408.589       20.219      111.157
      241        1.878        4.580            0      413.127       28.774      104.515
      242        1.995        4.472            0      404.984       27.594      117.630
      243        1.966        4.480            0      407.345       20.142      115.415
      244        2.020        4.479            0      407.537       27.543      112.953
      245        1.986        4.484            0      411.911       23.415      119.907
      246        1.800        4.683            0      417.309       17.094      114.358
      247        1.899        4.574            0      417.184       27.730      122.584
      248        2.060        4.355            0      394.026       22.695      115.479
      249        1.795        4.689            0      415.794       24.101      105.893
      250        2.037        4.475            0      406.507       19.617      113.998
      251        2.165        4.471            0      406.002       30.098      114.951
      252        1.951        4.466            0      405.088       17.692      115.539
      253        2.037        4.472            0      406.255       13.280      118.274
      254        1.809        4.613            0      413.116       21.630      118.134
      255        1.962        4.592            0      415.846       18.453      115.664
      256        2.015        4.520            0      413.348       17.955      124.466
      257        1.841        4.607            0      417.867       23.301      119.137
      258        1.863        4.600            0      414.533       18.063      126.302
      259        1.701        4.634            0      414.957       14.748      119.432
      260        1.971        4.449            0      406.595       15.502      127.287
      261        1.785        4.585            0      414.587       17.031      119.183
      262        1.921        4.524            0      409.716       17.575      123.582
      263        1.885        4.508            0      406.916       13.266      118.114
      264        1.888        4.559            0      411.367       13.210      117.322
      265        1.859        4.576            0      413.588       12.746      110.575
      266        1.916        4.519            0      408.791       12.270      118.018
      267        1.940        4.475            0      408.379       11.199      122.062
      268        1.792        4.565            0      412.821       12.145      115.415
      269        1.944        4.474            0      408.611       15.526      125.840
      270        1.860        4.603            0      417.724       18.941      123.070
      271        1.956        4.461            0      405.055       22.978      115.519
      272        2.071        4.500            0      409.305       20.651      111.494
      273        1.946        4.539            0      410.117       15.099      121.934
      274        1.779        4.649            0      419.058       20.077      114.492
      275        1.892        4.515            0      409.780       10.694      125.258
      276        1.951        4.496            0      406.901       10.244      118.621
      277        1.875        4.482            0      403.633       15.537      113.690
      278        1.874        4.520            0      406.635       15.759      117.114
      279        1.850        4.607            0      418.688       14.059      123.752
      280        1.829        4.602            0      416.071       13.007      118.562
      281        1.811        4.635            0      416.327       19.500      125.462
      282        1.609        4.700            0      417.018       17.208      129.924
      283        1.803        4.645            0      415.197       21.318      116.252
      284        2.015        4.485            0      411.035       17.700      120.690
      285        2.013        4.480            0      410.275       18.721      114.492
      286        1.836        4.569            0      412.598       19.887      105.363
      287        1.957        4.518            0      410.011       18.437      111.774
      288        1.714        4.633            0      418.558       14.677      110.682
      289        1.652        4.669            0      415.685       18.600      118.112
      290        1.916        4.493            0      407.713       15.763      116.878
      291        1.904        4.586            0      414.200       15.429      127.239
      292        1.933        4.490            0      405.629       12.221      110.394
      293        1.757        4.637            0      413.491       15.463      119.762
      294        1.887        4.602            0      419.595       27.591      120.296
      295        2.056        4.412            0      405.028       14.152      121.016
      296        2.083        4.422            0      401.675       12.947      110.412
      297        1.757        4.643            0      418.180       13.326      104.453
      298        1.927        4.431            0      404.011       13.039      121.944
      299        1.936        4.514            0      410.966       15.583      113.511
      300        1.877        4.597            0      417.145       15.860      120.044
      301        2.075        4.456            0      405.998       24.127      116.325
      302        1.890        4.637            0      418.119       19.428      112.579
      303        1.983        4.563            0      415.509       21.719      113.796
      304        2.116        4.441            0      406.025       14.973      115.667
      305        1.810        4.548            0      411.444       17.843      121.443
      306        1.888        4.537            0      412.378       14.718      122.281
      307        1.766        4.603            0      416.509       23.310      113.739
      308        1.781        4.653            0      419.833       13.533      122.080
      309        1.826        4.568            0      412.928       19.894      106.458
      310        1.867        4.520            0      408.765       23.932      113.402
      311        1.975        4.455            0      401.582       21.048      107.461
      312        1.908        4.566            0      414.042       23.061      114.017
      313        1.844        4.569            0      412.688       16.228      111.497
      314        1.845        4.562            0      411.177       22.630      117.341
      315        1.864        4.598            0      415.584       25.250      120.072
      316        1.739        4.628            0      415.230       21.247      126.507
      317        1.699        4.539            0      407.342       13.762      116.841
      318        1.852        4.543            0      410.012       10.953      109.432
      319        1.847        4.555            0      413.275       20.704      105.750
      320        2.040        4.511            0      410.281       20.492      117.574
      321        1.616        4.683            0      417.907       30.578      122.171
      322        1.700        4.664            0      413.379       17.349      119.043
      323        1.939        4.549            0      413.769       26.879      116.787
      324        1.713        4.669            0      417.012       20.880      113.389
      325        1.967        4.490            0      407.481       30.183      118.452
      326        1.999        4.639            0      422.987       40.328      127.971
      327        1.731        4.666            0      418.349       21.043      131.967
      328        1.836        4.653            0      416.905       18.044      118.940
      329        2.030        4.444            0      403.750       16.924      114.840
      330        1.554        4.731            0      414.824       23.317      120.846
      331        1.866        4.557            0      411.049       26.774      117.195
      332        1.816        4.614            0      415.077       25.397      117.246
      333        1.597        4.708            0      412.972       26.625      109.425
      334        1.635        4.647            0      417.629       21.362      121.368
      335        1.747        4.650            0      419.701       24.875      119.869
      336        1.784        4.562            0      410.597       21.390      112.695
      337        2.015        4.426            0      403.247        9.149      119.689
      338        2.085        4.404            0      402.896       22.016      109.857
      339        2.163        4.386            0      401.675       22.954      104.784
      340        1.719        4.676            0      413.359       19.122      126.514
      341        1.577        4.719            0      418.787       17.545      110.137
      342        2.057        4.458            0      404.616       10.291      116.827
      343        1.768        4.595            0      415.181       10.681      121.809
      344        1.848        4.595            0      415.444       13.495      120.268
      345        1.631        4.661            0      414.329       12.614      115.122
      346        1.863        4.519            0      409.116       15.977      108.939
      347        1.878        4.522            0      409.328       17.899      120.082
      348        1.809        4.609            0      414.748       14.288      123.073
      349        1.896        4.574            0      414.252       19.238      107.681
      350        1.640        4.758            0      419.933       18.171      112.466
      351        1.748        4.644            0      415.871       24.281      106.478
      352        1.765        4.600            0      408.993       26.501      112.280
      353        1.716        4.588            0      413.081       21.720      114.251
      354        2.000        4.425            0      402.448       17.888      119.257
      355        1.605        4.607            0      416.508       15.551      121.056
      356        1.984        4.495            0      408.555       24.215      114.979
      357        1.836        4.484            0      406.799       23.712      122.617
      358        1.721        4.625            0      414.390       22.333      124.442
      359        1.920        4.547            0      409.183       17.601      118.210
      360        1.994        4.481            0      407.868       18.850      127.629
      361        1.947        4.515            0      411.876       21.732      116.485
      362        1.753        4.667            0      416.695       24.162      116.731
      363        1.589        4.788            0      426.735       28.755      126.405
      364        2.019        4.470            0      408.150       26.932      119.536
      365        1.852        4.580            0      414.514       23.085      108.010
      366        1.732        4.674            0      415.819       24.193      112.193
      367        1.729        4.651            0      418.266       35.998      119.280
      368        1.803        4.601            0      415.596       22.571      120.564
      369        1.964        4.439            0      408.987       16.589      115.475
      370        1.951        4.482            0      409.203       21.485      114.995
      371        1.920        4.523            0      408.474       22.485      118.762
      372        1.894        4.525            0      407.981       34.491      119.229
      373        1.749        4.712            0      417.064       23.783      111.426
      374        1.529        4.779            0      423.656       39.094      109.690
      375        1.989        4.464            0      404.803       27.653      116.657
      376        1.705        4.600            0      409.480       18.339      110.500
      377        1.958        4.527            0      411.089       22.091      124.490
      378        1.876        4.452            0      403.652       22.801      116.699
      379        1.769        4.559            0      411.099       20.243      127.666
      380        1.891        4.582            0      415.254       19.473      120.395
      381        1.755        4.661            0      415.708       29.644      122.760
      382        1.986        4.460            0      404.229       24.714      116.268
      383        1.738        4.649            0      417.805       24.941      117.959
      384        1.643        4.701            0      414.134       30.744      136.333
      385        1.580        4.734            0      420.614       24.828      117.445
      386        1.678        4.728            0      427.035       22.034      120.616
      387        1.749        4.624            0      414.842       20.341      117.591
      388        1.835        4.555            0      413.409       18.704      126.864
      389        1.733        4.641            0      413.380       22.276      112.136
      390        1.773        4.598            0      410.825       19.799      110.958
      391        1.935        4.444            0      406.037       13.956      109.541
      392        1.898        4.605            0      413.707       26.591      122.361
      393        2.029        4.504            0      410.264       22.973      123.010
      394        1.655        4.660            0      415.707       17.227      127.007
      395        1.699        4.632            0      413.513       21.689      118.456
      396        1.993        4.473            0      408.805       17.894      120.443
      397        1.690        4.791            0      419.535       20.617      125.899
      398        1.869        4.458            0      408.660       36.074      116.884
      399        1.706        4.761            0      421.148       24.015      114.823
      400        1.741        4.690            0      414.502       16.548      113.477
      401        1.639        4.722            0      417.364       21.673      113.424
      402        1.771        4.703            0      417.312       22.976      119.652
      403        1.923        4.566            0      416.259       26.590      112.308
      404        1.806        4.635            0      414.749       16.205      115.781
      405        1.715        4.743            0      418.458       23.095      117.762
      406        1.849        4.536            0      408.724       18.245      112.817
      407        1.722        4.712            0      417.397       22.225      113.781
      408        1.739        4.741            0      414.079       26.251      111.623
      409        1.788        4.691            0      413.947       28.100      112.404
      410        1.453        4.858            0      417.361       15.318      110.002
      411        1.527        4.820            0      418.826       30.362      120.827
      412        1.592        4.830            0      415.121       22.015      115.293
      413        1.755        4.799            0      418.770       18.522      109.475
      414        1.575        4.814            0      416.056       23.194      116.508
      415        1.714        4.677            0      417.465       21.217      107.031
      416        1.520        4.797            0      422.728       17.068      114.353
      417        1.702        4.644            0      414.311       19.001      115.619
      418        1.585        4.794            0      418.656       18.648      107.306
      419        1.332        4.846            0      420.510       16.902      116.105
      420        1.570        4.750            0      416.590       23.663      115.315
      421        1.575        4.767            0      415.198       31.695      108.960
      422        1.685        4.690            0      416.587       22.162      119.759
      423        1.628        4.790            0      416.123       17.233      112.373
      424        1.716        4.671            0      411.647       17.790      106.687
      425        1.712        4.705            0      415.476       25.265      109.005
      426        1.715        4.707            0      413.834       26.340      105.264
      427        1.682        4.712            0      416.714       32.996      119.259
      428        1.705        4.739            0      418.092       25.419      120.464
      429        1.789        4.707            0      416.933       24.655      107.226
      430        1.558        4.798            0      421.068       29.446      120.848
      431        1.752        4.717            0      416.303       22.681      122.966
      432        1.548        4.874            0      418.505       17.436      106.572
      433        1.954        4.532            0      408.894       29.331      118.616
      434        1.486        4.776            0      420.694       31.269      106.558
      435        1.669        4.742            0      416.672       29.416      123.092
      436        1.745        4.666            0      419.505       32.214      120.820
      437        1.575        4.820            0      424.957       30.366      112.356
      438        1.670        4.738            0      417.080       35.425      114.304
      439        1.686        4.702            0      413.822       42.394      112.446
      440        1.631        4.835            0      419.191       48.747      106.107
      441        1.758        4.612            0      417.893       38.065      118.041
      442        1.810        4.564            0      415.427       32.808      114.033
      443        1.595        4.786            0      417.988       33.988      114.338
      444        1.563        4.719            0      421.596       17.602      111.233
      445        1.597        4.746            0      414.693       22.204      123.725
      446        1.640        4.798            0      420.530       20.240      112.949
      447        1.584        4.884            0      419.861       24.841      126.635
      448        1.421        4.960            0      418.796       21.242      119.580
      449        1.369        4.929            0      422.999       25.588      118.022
      450        1.568        4.721            0      410.814       21.096      112.133
      451        1.705        4.672            0      414.166       22.435      112.130
      452        1.572        4.717            0      417.559       22.462      109.216
      453        1.748        4.591            0      409.547       17.675      114.034
      454        1.459        4.790            0      414.925       20.385      107.849
      455        1.537        4.718            0      415.483       27.804      113.633
      456        1.609        4.866            0      418.169       18.861      117.248
      457        1.452        5.009            0      412.713       40.171      118.762
      458        1.816        4.685            0      415.315       25.493      117.789
      459        1.408        4.863            0      418.451       24.443      106.031
      460        1.676        4.760            0      416.574       22.171      118.053
      461        1.467        4.884            0      418.136       16.793      119.555
      462        1.620        4.692            0      414.659       27.303      126.905
      463        1.550        4.927            0      418.417       27.321      111.816
      464        1.331        4.958            0      419.547       32.965      118.949
      465        1.479        4.842            0      414.497       21.683      126.324
      466        1.441        4.927            0      418.717       27.696      119.026
      467        1.447        4.970            0      420.120       25.813      108.476
      468        1.563        4.777            0      414.715       24.558      111.713
      469        1.546        4.782            0      411.740       18.965      109.574
      470        1.680        4.742            0      415.220       17.339      120.450
      471        1.283        5.000            0      420.653       20.091      112.938
      472        1.607        4.744            0      411.384       35.016      117.539
      473        1.561        4.914            0      414.870       31.366      106.521
      474        1.565        4.779            0      414.384       33.217      117.724
      475        1.559        4.803            0      418.175       30.361      118.861
      476        1.579        4.777            0      417.197       28.100      115.825
      477        1.707        4.822            0      419.133       33.010      107.917
      478        1.587        4.843            0      417.834       36.181      121.521
      479        1.443        4.915            0      415.785       20.228      110.194
      480        1.551        4.861            0      415.345       25.931      113.766
      481        1.527        4.916            0      416.600       35.517      120.948
      482        1.407        4.889            0      418.932       25.541      119.377
      483        1.523        4.869            0      418.554       18.901      110.159
      484        1.560        4.841            0      418.954       11.767      110.021
      485        1.564        4.807            0      417.233       28.557      115.055
      486        1.571        4.714            0      416.998       32.697      105.922
      487        1.447        4.770            0      418.822       44.272      114.768
      488        1.615        4.782            0      417.648       46.212      113.438
      489        1.649        4.807            0      416.716       49.831      117.370
      490        1.566        4.989            0      419.615       53.175      118.065
      491        1.752        4.869            0      414.130       48.162      112.701
      492        1.626        4.819            0      416.075       44.584      117.766
      493        1.503        4.828            0      415.486       35.676      110.455
      494        1.644        4.881            0      414.653       45.261      110.975
      495        1.726        4.677            0      414.176       29.211      111.667
      496        1.516        4.817            0      420.081       45.007      120.819
      497        1.527        4.895            0      418.062       42.674      116.971
      498        1.683        4.773            0      412.650       40.681      123.470
      499        1.628        4.838            0      414.318       42.811      115.945
      500        1.694        4.735            0      412.853       44.276      109.439
      501        1.729        4.681            0      411.958       44.127      113.219
      502        1.504        4.879            0      415.230       39.186      103.751
      503        1.622        5.021            0      416.796       36.448      121.758
      504        1.622        4.951            0      418.662       48.261      122.175
      505        1.751        4.760            0      414.544       42.914      120.208
      506        1.627        4.813            0      412.147       39.746      118.773
      507        1.467        4.960            0      421.748       23.013      117.144
      508        1.588        4.851            0      419.283       31.383      121.434
      509        1.388        5.028            0      422.073       40.392      116.112
      510        1.699        4.743            0      412.947       44.700      111.510
      511        1.743        4.749            0      415.425       36.120      115.510
      512        1.429        4.864            0      418.333       43.983      102.824
      513        1.783        4.793            0      414.162       44.884      115.245
      514        1.712        4.714            0      418.494       42.574      112.265
      515        1.751        4.866            0      415.819       40.447      105.837
      516        1.478        4.960            0      419.091       33.995      110.027
      517        1.769        4.776            0      419.330       42.606      116.034
      518        1.704        4.815            0      417.819       45.445      113.757
      519        1.750        4.799            0      414.789       35.836      114.338
      520        1.764        4.744            0      415.650       42.027      103.706
      521        1.572        4.825            0      413.829       47.236      116.007
      522        1.753        4.788            0      416.822       38.547      121.681
      523        1.710        4.730            0      416.527       40.658      112.074
      524        1.767        4.695            0      411.403       53.699      114.066
      525        1.656        4.774            0      416.169       27.959      111.728
      526        1.664        4.783            0      413.840       54.580      108.312
      527        1.587        4.847            0      416.709       52.756      117.389
      528        1.751        4.704            0      410.071       44.563      103.610
      529        1.828        4.626            0      405.934       54.557      112.615
      530        1.697        4.859            0      418.589       55.092      111.719
      531        1.759        4.744            0      417.298       37.666      113.266
      532        1.433        4.863            0      419.109       42.507      109.108
      533        1.839        4.783            0      418.145       35.062      115.687
      534        1.703        4.787            0      415.485       39.330      111.328
      535        1.802        4.780            0      416.237       46.308      117.923
      536        1.807        4.756            0      416.579       39.440      115.944
      537        1.413        4.847            0      422.841       32.984      110.571
      538        1.646        4.734            0      409.995       41.087      108.396
      539        1.553        4.765            0      416.553       39.100      113.813
      540        1.470        4.838            0      414.773       47.506      110.286
      541        1.781        4.733            0      414.066       42.342      122.601
      542        1.661        4.833            0      417.957       30.862      132.675
      543        1.772        4.744            0      413.174       41.375      112.843
      544        1.443        4.823            0      415.017       27.962      109.120
      545        1.606        4.834            0      419.240       25.984      113.030
      546        1.541        4.887            0      418.502       24.108      120.488
      547        1.702        4.837            0      416.932       41.025      115.983
      548        1.619        4.779            0      413.368       26.357      109.037
      549        1.556        4.860            0      414.020       25.419      116.680
      550        1.454        4.818            0      415.808       31.723      114.455
      551        1.510        4.861            0      416.166       17.558      118.031
      552        1.362        4.834            0      412.882       29.268      106.055
      553        1.516        4.794            0      413.879       33.934      119.905
      554        1.833        4.709            0      412.620       45.304      113.727
      555        1.776        4.707            0      415.584       35.873      121.010
      556        1.961        4.618            0      414.570       32.619      122.719
      557        1.498        4.774            0      412.255       32.689      110.620
      558        1.682        4.750            0      418.780       28.065      120.389
      559        1.844        4.599            0      407.964       34.295      113.559
      560        1.583        4.803            0      414.186       27.875      114.612
      561        1.700        4.734            0      418.905       27.003      115.393
      562        1.468        4.863            0      417.406       36.515      123.099
      563        1.727        4.745            0      412.760       26.883      107.913
      564        1.711        4.788            0      417.668       29.913      111.066
      565        1.536        4.802            0      412.160       33.687      104.332
      566        1.602        4.791            0      421.596       20.025      112.058
      567        1.540        4.814            0      419.138       24.286      114.828
      568        1.723        4.765            0      421.319       23.197      109.475
      569        1.674        4.732            0      416.872       19.178      115.066
      570        1.451        4.892            0      416.273       14.774      114.704
      571        1.557        4.867            0      415.343       13.465      117.326
      572        1.527        4.841            0      416.487       14.334      116.130
      573        1.584        4.745            0      415.221       14.073      119.044
      574        1.509        4.856            0      415.711       21.748      115.053
      575        1.509        4.992            0      419.899       25.799      119.414
      576        1.650        4.835            0      413.558       30.332      118.560
      577        1.286        5.001            0      420.510       22.618      107.233
      578        1.438        4.925            0      421.129       23.006      122.027
      579        1.454        4.901            0      416.634       11.968      106.166
      580        1.664        4.777            0      412.425       31.719      110.394
      581        1.530        4.778            0      416.826       20.587      114.589
      582        1.666        4.777            0      416.825       30.148      115.118
      583        1.601        4.887            0      414.970       19.299      113.393
      584        1.588        4.957            0      415.111       30.647      122.525
      585        1.521        4.833            0      414.752       20.508      116.108
      586        1.528        4.844            0      417.864       26.330      118.838
      587        1.682        4.807            0      409.667       26.706      116.569
      588        1.675        4.785            0      413.936       31.974      109.206
      589        1.576        4.884            0      413.800       44.981      120.196
      590        1.779        4.729            0      409.981       31.210      112.695
      591        1.813        4.695            0      412.072       45.677      113.219
      592        1.701        4.785            0      415.170       31.934      112.309
      593        1.598        4.884            0      415.184       42.723      109.358
      594        1.661        4.781            0      414.702       29.897      117.313
      595        1.624        4.817            0      412.781       43.946      109.529
      596        1.783        4.686            0      415.248       37.210      109.224
      597        1.458        4.875            0      419.265       30.295      110.270
      598        1.729        4.728            0      413.140       29.407      112.782
      599        1.705        4.775            0      415.594       36.028      108.829
      600        1.617        4.876            0      417.378       37.018      119.106
      601        1.700        4.735            0      414.911       34.039      110.019
      602        1.563        4.901            0      418.269       33.628      117.175
      603        1.506        4.977            0      421.023       30.693      110.905
      604        1.493        4.919            0      419.878       26.630      111.466
      605        1.698        4.781            0      418.795       31.752      118.959
      606        1.687        4.823            0      414.866       30.957      110.821
      607        1.573        4.851            0      413.477       36.943      115.910
      608        1.417        4.806            0      414.109       29.697      118.850
      609        1.512        4.971            0      419.702       41.442      108.414
      610        1.606        4.844            0      417.974       25.093      122.340
      611        1.674        4.752            0      413.833       34.871      116.702
      612        1.274        4.997            0      423.223       37.255      115.597
      613        1.349        4.904            0      417.557       36.800      119.588
      614        1.580        4.847            0      415.687       27.608      112.434
      615        1.396        4.851            0      415.112       33.767      115.873
      616        1.294        4.893            0      414.193       28.390      106.315
      617        1.277        4.972            0      420.454       21.978      112.993
      618        1.554        4.767            0      415.195       25.790      119.383
      619        1.422        5.034            0      418.843       29.685      102.486
      620        1.296        4.912            0      417.883       28.740      107.253
      621        1.593        4.835            0      414.694       26.335      115.093
      622        1.240        4.915            0      417.176       28.176      105.630
      623        1.546        4.778            0      417.333       35.123      113.786
      624        1.664        4.856            0      414.385       26.767      118.446
      625        1.758        4.703            0      418.737       34.369      122.130
      626        1.763        4.735            0      413.910       33.707      121.826
      627        1.609        4.812            0      416.695       34.707      116.112
      628        1.340        4.966            0      419.653       36.494      113.704
      629        1.767        4.810            0      412.215       15.322      119.534
      630        1.499        4.896            0      418.086       24.969      106.045
      631        1.487        5.015            0      420.351       11.279      120.924
      632        1.758        4.847            0      413.560       25.643      112.746
      633        1.774        4.853            0      417.296       26.547      116.334
      634        1.434        4.921            0      415.010       28.264      111.849
      635        1.562        4.801            0      414.876       29.161      118.611
      636        1.837        4.700            0      414.948       24.416      108.776
      637        1.470        4.789            0      410.317       23.808      107.957
      638        1.666        4.799            0      415.831       17.080      117.409
      639        1.645        4.853            0      420.585       23.543      120.606
      640        1.628        4.815            0      415.928       31.794      112.785
      641        1.527        4.846            0      418.241       23.593      113.456
      642        1.646        4.756            0      414.509       20.754      123.700
      643        1.576        4.762            0      413.836       27.747      123.830
      644        1.836        4.687            0      410.514       37.357      119.530
      645        1.335        5.001            0      422.125       29.057      112.424
      646        1.642        4.863            0      418.505       30.380      109.690
      647        2.113        4.466            0      408.407       51.730      121.148
      648        1.447        4.801            0      420.834       26.523      112.954
      649        1.649        4.789            0      416.926       40.068      110.251
      650        1.805        4.702            0      413.479       36.704      108.276
      651        1.851        4.575            0      416.765       25.932      111.259
      652        1.621        4.738            0      411.261       39.383      107.569
      653        1.771        4.652            0      410.173       30.288      121.105
      654        1.839        4.636            0      418.147       38.224      126.351
      655        1.761        4.623            0      416.256       43.045      119.135
      656        2.019        4.470            0      407.538       32.304      123.106
      657        1.876        4.542            0      412.057       36.651      117.139
      658        2.049        4.444            0      406.033       35.072      111.603
      659        1.741        4.763            0      414.349       40.076      112.209
      660        1.813        4.566            0      414.068       37.552      114.423
      661        1.727        4.679            0      411.888       38.863      120.507
      662        1.798        4.710            0      418.365       38.758      120.898
      663        1.578        4.706            0      415.408       34.395      109.807
      664        1.562        4.656            0      411.860       16.658      112.776
      665        1.517        4.783            0      413.142       27.628      116.857
      666        1.545        4.782            0      419.419       42.194      111.533
      667        1.418        4.833            0      422.832       42.054      116.562
      668        1.466        4.837            0      419.272       25.109      110.451
      669        1.486        4.802            0      417.949       26.396      119.407
      670        1.603        4.705            0      410.227       28.149      109.886
      671        1.662        4.795            0      419.722       49.902      118.977
      672        1.891        4.737            0      416.460       34.316      118.728
      673        1.813        4.806            0      413.851       34.298      119.714
      674        1.717        4.748            0      414.537       32.513      119.676
      675        1.764        4.780            0      414.675       27.000      112.359
      676        1.659        4.885            0      415.847       22.455      120.133
      677        1.419        4.888            0      419.290       32.402      118.857
      678        1.541        4.774            0      417.124       32.115      112.364
      679        1.641        4.641            0      411.082       30.995      113.678
      680        1.786        4.691            0      409.375       37.139      115.403
      681        1.680        4.692            0      415.024       25.627      119.015
      682        1.734        4.683            0      406.291       42.881      114.702
      683        1.832        4.624            0      420.553       32.049      117.935
      684        1.724        4.767            0      414.697       22.976      122.170
      685        1.638        4.845            0      418.712       19.973      123.371
      686        1.584        4.772            0      413.070       26.348      113.011
      687        1.805        4.666            0      409.772       35.226      118.321
      688        1.578        4.790            0      414.909       35.597      108.119
      689        1.768        4.771            0      414.148       36.721      115.334
      690        1.569        4.879            0      419.407       35.979      116.905
      691        1.425        4.898            0      420.267       25.877      113.619
      692        1.755        4.830            0      414.753       33.320      116.391
      693        1.791        4.648            0      410.554       27.516      123.789
      694        1.555        4.833            0      417.827       35.364      114.445
      695        1.741        4.680            0      410.146       16.944      124.200
      696        1.488        4.757            0      417.742       19.121      122.877
      697        1.380        4.888            0      420.866       14.250      117.853
      698        1.573        4.782            0      412.060       30.786      112.192
      699        1.714        4.718            0      417.212       31.376      128.821
      700        1.572        4.837            0      415.630       38.676      122.923
      701        1.688        4.782            0      415.072       29.403      116.618
      702        1.821        4.794            0      415.343       27.775      124.640
      703        1.611        4.797            0      414.991       26.240      112.555
      704        1.784        4.732            0      413.303       28.212      126.377
      705        1.565        4.901            0      418.498       24.396      111.328
      706        1.444        4.870            0      415.651       28.332      119.141
      707        1.610        4.849            0      418.328       24.308      114.143
      708        1.771        4.790            0      412.785       29.215      115.890
      709        1.586        4.814            0      419.030       29.235      114.267
      710        1.730        4.750            0      415.475       44.535      111.571
      711        1.583        4.749            0      417.779       41.976      119.109
      712        1.625        4.708            0      409.126       54.587      106.377
      713        1.579        4.844            0      413.596       49.321      112.758
      714        1.664        4.703            0      411.894       53.084      112.264
      715        1.710        4.784            0      415.104       49.668      115.002
      716        1.507        4.958            0      415.751       47.671      111.496
      717        1.639        4.756            0      413.325       57.400      119.257
      718        1.691        4.632            0      409.632       54.246      117.086
      719        1.424        4.877            0      417.850       54.843      128.518
      720        1.674        4.777            0      411.955       40.504      115.980
      721        1.620        4.867            0      412.019       41.671      118.778
      722        1.382        4.916            0      417.892       42.964      111.419
      723        1.421        4.829            0      413.906       39.442      112.035
      724        1.647        4.844            0      415.751       40.730      115.837
      725        1.683        4.721            0      412.322       30.070      117.690
      726        1.679        4.941            0      411.820       53.409      105.059
      727        1.506        4.882            0      415.494       30.823      111.617
      728        1.741        4.668            0      408.828       38.500      102.702
      729        1.571        4.758            0      413.317       33.706      116.273
      730        1.492        4.816            0      414.562       36.976      109.134
      731        1.495        4.781            0      417.994       40.379      124.398
      732        1.601        4.857            0      416.306       41.287      107.094
      733        1.374        4.856            0      414.494       27.277      126.550
      734        1.446        4.892            0      417.043       41.034      116.368
      735        1.828        4.732            0      413.503       56.827      121.555
      736        1.856        4.792            0      417.246       33.360      116.039
      737        1.608        4.824            0      411.910       64.683      117.522
      738        1.730        4.855            0      415.760       50.060      122.275
      739        1.464        4.952            0      417.068       35.954      120.441
      740        1.556        4.831            0      413.425       38.171      122.400
      741        1.655        4.807            0      409.047       27.232      114.271
      742        1.668        4.882            0      420.788       48.746      119.884
      743        1.622        4.860            0      419.519       41.336      119.177
      744        1.787        4.693            0      409.984       39.970      117.082
      745        1.654        4.769            0      416.990       44.343      119.711
      746        1.633        4.789            0      414.406       31.573      116.326
      747        1.659        4.708            0      415.706       39.195      111.854
      748        1.686        4.693            0      410.838       46.736      119.175
      749        1.631        4.877            0      418.696       35.012      119.238
      750        1.173        4.936            0      416.050       40.577      102.977
      751        1.616        4.828            0      412.824       42.140      111.035
      752        1.553        4.869            0      419.066       50.949      116.354
      753        1.540        5.041            0      417.844       44.212      118.861
      754        1.440        4.776            0      410.813       33.665      106.558
      755        1.591        4.836            0      416.025       29.207      109.064
      756        1.523        4.915            0      417.909       33.221      116.884
      757        1.472        4.879            0      416.408       23.997      124.558
      758        1.448        4.880            0      416.587       38.273      122.148
      759        1.642        4.698            0      410.155       27.269      115.701
      760        1.798        4.702            0      410.428       29.080      114.209
      761        1.552        4.753            0      411.503       22.577      122.295
      762        1.543        4.835            0      412.468       49.359      114.932
      763        1.557        4.792            0      417.147       39.546      118.535
      764        1.636        4.799            0      414.811       32.554      121.567
      765        1.597        4.799            0      415.296       26.930      122.293
      766        1.641        4.694            0      411.160       36.103      114.300
      767        1.561        4.752            0      412.776       31.730      108.951
      768        1.488        4.994            0      417.219       39.740      114.419
      769        1.513        4.873            0      418.290       39.923      118.856
      770        1.590        4.745            0      413.211       34.983      117.944
      771        1.645        4.731            0      417.310       26.403      114.645
      772        1.586        4.720            0      412.323       21.477      110.624
      773        1.618        4.642            0      408.201       32.299      107.068
      774        1.656        4.677            0      412.755       47.525      122.510
      775        1.696        4.660            0      415.070       46.966      107.963
      776        1.557        4.829            0      419.451       60.135      121.071
      777        1.745        4.789            0      411.707       52.949      118.914
      778        1.613        4.745            0      413.524       51.331      110.636
      779        1.503        4.707            0      409.975       54.508      106.386
      780        1.569        4.738            0      416.846       49.635      109.478
      781        1.561        4.774            0      415.485       62.794      118.988
      782        1.662        4.660            0      414.967       45.547      108.155
      783        1.448        4.757            0      415.064       42.967      124.944
      784        1.529        4.767            0      414.511       47.459      116.971
      785        1.652        4.760            0      417.785       42.048      115.719
      786        1.574        4.846            0      415.442       52.185      116.529
      787        1.650        4.870            0      416.362       65.135      121.578
      788        1.521        4.745            0      416.979       54.446      111.991
      789        1.567        4.885            0      413.961       47.660      120.180
      790        1.640        4.775            0      416.239       50.298      120.242
      791        1.622        4.827            0      416.049       61.366      115.192
      792        1.476        4.823            0      415.439       51.938      115.218
      793        1.508        4.880            0      417.667       57.207      123.099
      794        1.364        4.927            0      422.776       66.124      120.494
      795        1.523        4.789            0      419.782       44.086      123.093
      796        1.532        4.715            0      413.209       57.790      110.243
      797        1.489        4.842            0      413.739       57.364      108.256
      798        1.468        4.879            0      417.789       59.462      120.948
      799        1.549        4.776            0      415.815       51.028      108.538
      800        1.522        4.811            0      417.866       50.878      123.007
      801        1.621        4.817            0      414.589       43.721      118.571
      802        1.509        4.843            0      416.291       62.006      120.316
      803        1.652        4.722            0      408.040       48.992      123.257
      804        1.547        4.783            0      415.525       49.010      118.011
      805        1.550        4.862            0      416.573       53.930      117.719
      806        1.346        4.955            0      420.671       46.898      108.705
      807        1.442        4.958            0      419.801       45.289      115.513
      808        1.543        4.828            0      417.295       64.975      114.238
      809        1.604        4.787            0      414.345       48.801      116.383
      810        1.494        4.871            0      416.503       45.892      114.834
      811        1.501        4.816            0      416.258       56.358      105.423
      812        1.530        4.811            0      415.496       41.424      109.345
      813        1.582        4.808            0      416.182       50.496      109.451
      814        1.573        4.848            0      415.811       38.249      114.479
      815        1.520        4.829            0      418.958       43.835      116.384
      816        1.622        4.754            0      411.946       33.927      119.654
      817        1.535        4.807            0      415.557       43.232      115.995
      818        1.495        4.889            0      414.802       50.235      113.808
      819        1.356        4.956            0      421.719       47.334      117.244
      820        1.498        4.846            0      413.624       52.405      120.435
      821        1.721        4.778            0      412.965       46.579      107.165
      822        1.635        4.860            0      412.271       46.503      115.507
      823        1.652        4.914            0      420.955       49.339      123.050
      824        1.461        4.892            0      418.722       43.265      112.684
      825        1.563        4.815            0      414.550       44.444      119.960
      826        1.525        4.880            0      416.122       63.672      112.723
      827        1.510        4.901            0      418.914       44.844      120.657
      828        1.369        4.898            0      417.722       46.132      110.070
      829        1.604        4.850            0      417.223       47.367      109.325
      830        1.647        4.799            0      415.614       44.587      121.363
      831        1.372        4.905            0      422.902       46.512      109.919
      832        1.448        4.933            0      419.362       52.679      114.473
      833        1.466        4.898            0      417.901       51.934      111.580
      834        1.541        4.832            0      416.161       50.953      120.700
      835        1.606        4.757            0      415.688       49.572      112.626
      836        1.487        4.821            0      414.052       44.578      118.640
      837        1.535        4.844            0      417.326       54.670      113.473
      838        1.346        4.925            0      421.317       42.093      111.881
      839        1.422        4.956            0      418.460       44.873      112.691
      840        1.450        4.926            0      419.965       46.577      123.902
      841        1.488        4.938            0      420.425       32.373      121.827
      842        1.544        4.807            0      415.460       31.071      121.545
      843        1.560        4.919            0      416.243       37.727      105.553
      844        1.564        4.843            0      413.059       43.215      105.958
      845        1.474        4.853            0      419.966       46.053      108.860
      846        1.263        4.970            0      420.925       41.459      113.197
      847        1.719        4.783            0      415.975       47.048      113.331
      848        1.368        5.097            0      422.647       34.359      112.159
      849        1.531        4.805            0      412.155       36.947      110.243
      850        1.408        4.942            0      415.943       35.890      112.518
      851        1.358        4.908            0      417.953       35.902      115.335
      852        1.475        4.931            0      420.562       47.029      113.891
      853        1.658        4.853            0      414.688       40.530      119.249
      854        1.440        4.948            0      418.832       29.992      108.425
      855        1.600        4.853            0      416.063       38.684      119.060
      856        1.573        4.794            0      414.386       24.149      123.946
      857        1.354        4.969            0      422.697       25.432      110.780
      858        1.678        4.838            0      418.450       28.373      117.456
      859        1.675        4.717            0      415.162       25.911      114.017
      860        1.652        4.741            0      413.925       36.655      113.983
      861        1.713        4.770            0      414.926       28.032      123.940
      862        1.553        4.793            0      414.923       31.653      118.961
      863        1.494        4.781            0      414.561       25.621      121.125
      864        1.491        4.843            0      415.131       28.122      112.270
      865        1.507        4.857            0      414.834       26.124      116.268
      866        1.619        4.741            0      418.158       43.865      117.172
      867        1.713        4.636            0      413.895       24.566      121.905
      868        1.713        4.600            0      411.303       26.935      120.035
      869        1.558        4.800            0      418.234       40.186      108.287
      870        1.671        4.716            0      410.839       45.551      122.388
      871        1.539        4.803            0      417.771       54.918      114.244
      872        1.634        4.771            0      415.485       44.497      121.724
      873        1.548        4.794            0      414.357       52.101      115.756
      874        1.651        4.690            0      416.440       41.591      115.630
      875        1.533        4.741            0      411.720       37.639      111.209
      876        1.796        4.619            0      409.644       31.719      119.394
      877        1.683        4.717            0      414.573       19.590      115.704
      878        1.615        4.751            0      416.009       32.845      116.710
      879        1.638        4.694            0      412.441       34.369      123.580
      880        1.520        4.883            0      417.682       19.871      120.181
      881        1.504        4.818            0      413.942       33.470      116.638
      882        1.532        4.747            0      414.428       32.118      120.628
      883        1.459        4.911            0      419.289       39.132      114.248
      884        1.564        4.762            0      415.242       33.279      116.962
      885        1.635        4.767            0      412.230       36.161      118.356
      886        1.568        4.816            0      418.642       25.941      121.873
      887        1.570        4.755            0      420.106       36.715      119.356
      888        1.504        4.855            0      416.836       38.517      115.837
      889        1.448        5.035            0      417.312       32.745      114.276
      890        1.603        4.937            0      418.095       27.555      116.779
      891        1.570        4.887            0      417.267       30.071      118.599
      892        1.576        4.834            0      413.694       28.117      113.131
      893        1.644        4.754            0      413.393       31.891      122.679
      894        1.435        4.809            0      414.599       30.215      114.625
      895        1.535        4.956            0      416.244       36.148      119.474
      896        1.554        4.927            0      421.004       39.444      123.086
      897        1.355        4.958            0      422.956       54.872      118.717
      898        1.605        4.833            0      415.774       52.106      115.879
      899        1.503        4.792            0      414.862       37.928      114.760
      900        1.671        4.754            0      413.827       24.191      107.060
      901        1.689        4.841            0      413.521       43.565      112.085
      902        1.507        4.839            0      416.900       32.247      113.185
      903        1.402        4.855            0      418.145       24.064      121.166
      904        1.605        4.844            0      421.095       33.505      127.907
      905        1.582        4.850            0      411.520       32.541      111.208
      906        1.459        4.873            0      416.983       27.437      116.816
      907        1.623        4.849            0      411.304       33.169      116.226
      908        1.726        4.693            0      412.911       25.862      111.960
      909        1.532        4.834            0      417.645       23.996      118.505
      910        1.440        4.885            0      413.950       27.330      118.784
      911        1.372        4.902            0      419.254       31.428      124.856
      912        1.495        4.800            0      418.603       37.244      116.030
      913        1.341        4.961            0      418.662       28.126      110.506
      914        1.609        4.716            0      412.779       18.394      115.514
      915        1.493        4.775            0      419.370       21.461      112.184
      916        1.423        4.832            0      412.530       27.588      109.340
      917        1.381        4.843            0      413.492       30.863       96.252
      918        1.479        4.729            0      413.645       26.820      108.104
      919        1.289        4.884            0      420.917       25.754      113.672
      920        1.261        4.951            0      421.406       41.793      111.992
      921        1.127        5.057            0      424.190       33.310      111.007
      922        1.326        4.989            0      425.622       27.988      117.164
      923        1.121        4.989            0      419.507       36.704      111.546
      924        1.368        4.912            0      420.535       45.305      115.281
      925        1.410        4.949            0      418.787       42.261      108.447
      926        1.162        4.948            0      418.895       38.329      118.137
      927        1.332        4.966            0      419.390       48.823      104.767
      928        0.973        5.054            0      421.826       45.312      104.833
      929        0.926        5.192            0      421.114       45.667      125.785
      930        0.866        5.025            0      419.535       49.533      117.169
      931        0.922        5.112            0      426.315       43.207      113.655
      932        0.769        5.149            0      420.775       47.219      127.197
      933        0.848        5.149            0      421.291       27.601      120.424
      934        1.097        4.984            0      417.375       59.530      110.079
      935        0.775        5.206            0      419.771       59.505      124.197
      936        0.820        5.147            0      419.058       34.821      117.899
      937        1.012        5.056            0      421.048       34.252      117.094
      938        0.905        5.125            0      418.624       44.344      108.473
      939        0.703        5.127            0      423.349       39.956      121.012
      940        0.807        5.178            0      424.710       39.774      118.517
      941        0.842        5.178            0      420.595       51.316      114.152
      942        0.799        5.278            0      423.500       44.574      108.121
      943        0.677        5.225            0      423.837       54.198      109.590
      944        0.792        5.106            0      419.037       43.456      120.668
      945        0.716        5.182            0      424.582       42.324      123.818
      946        1.018        5.272            0      424.628       36.756      117.924
      947        0.847        5.339            0      425.139       43.719      115.525
      948        0.954        5.368            0      423.629       37.631      115.774
      949        0.853        5.209            0      424.577       23.065      120.096
      950        0.778        5.280            0      424.587       41.596      125.840
      951        0.957        5.390            0      428.000       51.366      117.244
      952        0.885        5.213            0      425.760       42.042      125.439
      953        0.934        5.144            0      422.870       36.225      114.437
      954        0.847        5.139            0      423.420       28.699      120.084
      955        0.748        5.185            0      422.918       47.663      119.191
      956        0.852        5.124            0      419.552       41.810      109.570
      957        0.967        5.157            0      424.816       44.498      113.108
      958        0.843        5.131            0      422.656       43.657      117.405
      959        0.762        5.172            0      424.729       36.967      118.649
      960        0.863        5.188            0      424.055       29.426      111.863
      961        0.907        5.207            0      421.711       31.822      115.091
      962        0.729        5.149            0      423.009       41.600      126.519
      963        0.951        5.191            0      423.624       39.756      119.846
      964        0.763        5.132            0      422.743       46.878      113.184
      965        0.809        5.103            0      424.884       37.688      109.379
      966        0.853        5.115            0      422.364       53.022      120.142
      967        0.936        5.185            0      427.201       39.341      115.581
      968        0.913        5.172            0      425.145       46.716      121.294
      969        0.779        5.234            0      418.665       28.285      126.436
      970        0.817        5.182            0      417.443       30.185      119.194
      971        0.852        5.171            0      422.349       35.785      116.776
      972        0.999        5.162            0      421.343       38.439      117.436
      973        0.762        5.146            0      420.252       35.391      116.260
      974        0.798        5.168            0      422.487       39.252      129.925
      975        0.975        5.176            0      418.758       21.832      120.697
      976        0.752        5.084            0      422.481       42.698      110.193
      977        0.860        5.134            0      423.335       37.689      110.374
      978        0.713        5.160            0      422.548       42.940      121.550
      979        0.911        5.148            0      421.879       37.021      118.503
      980        0.946        5.165            0      419.416       38.747      119.238
      981        0.967        5.040            0      420.311       56.852      117.085
      982        1.005        5.160            0      421.257       42.214      115.039
      983        0.878        5.183            0      427.450       47.540      117.238
      984        0.855        5.107            0      422.277       41.143      119.950
      985        0.702        5.123            0      421.022       53.943      115.801
      986        0.855        5.356            0      429.891       41.409      114.025
      987        0.979        5.329            0      424.783       43.417      111.264
      988        0.755        5.191            0      419.666       43.955      120.173
      989        0.914        5.318            0      417.963       37.075      118.679
      990        0.863        5.165            0      424.570       49.453      106.038
      991        0.780        5.170            0      418.239       37.531      112.419
      992        1.112        5.393            0      425.443       41.065      125.850
      993        1.020        5.086            0      420.826       36.323      113.841
      994        0.989        5.221            0      421.558       35.106      112.432
      995        0.757        5.165            0      424.483       27.028      113.844
      996        0.848        5.239            0      425.292       37.279      116.056
      997        0.875        5.156            0      420.009       43.189      118.544
      998        0.857        5.182            0      423.312       41.190      134.455
      999        0.879        5.158            0      422.820       48.991      109.377
     1000        0.768        5.322            0      425.009       48.938      119.045
