## Torsion are defined with the following atomIDs:
# dihed1: ai= 23 aj= 22 ak= 18 al= 19
# dihed2: ai= 17 aj= 16 ak= 14 al= 1
# dihed3: ai= 16 aj= 14 ak= 1 al= 6
# dihed4: ai= 11 aj= 12 ak= 28 al= 34
# dihed5: ai= 21 aj= 20 ak= 26 al= 27
# dihed6: ai= 18 aj= 19 ak= 24 al= 25
# Frame#   dihed1   dihed2   dihed3   dihed4   dihed5   dihed6
0 -139.493  177.250   74.581 -124.202 -121.066   38.869
1  177.387  129.697  124.862  -96.163   26.147  144.237
2  177.757  141.262  142.737  -86.225  -20.084  117.828
3  167.229  157.118  131.456  -81.165    6.591  135.812
4  168.510  130.524  146.755  -89.063   -1.799   98.150
5  150.205  125.247  156.530  -82.495   14.167   66.754
6 -178.114  149.376  139.746 -108.074    8.616   43.761
7 -159.767  151.827  138.240  -66.760    2.128   67.272
8 -171.310  132.771  168.105  -66.458    9.462   74.020
9  159.182  148.138  173.874  -77.705  -17.616 -103.419
10 -171.169  138.642 -176.486  -47.385  -32.798 -128.720
11  138.068  148.056  174.596  -80.545   -7.114  -74.153
12  154.532  154.807  167.920  -75.188   -8.419  -98.488
13  155.324  156.352  172.814  -85.771    5.002   64.186
14 -166.060  141.624  169.757  -96.636   -8.935  -64.859
15 -173.873  148.237  163.758  -79.344   -1.143  -67.333
16  168.044  173.538  156.458  -85.871   52.259   67.583
17  176.991  158.415  162.833  -75.954    1.717  -69.932
18  171.568  156.612  157.807 -103.496  -36.570  -75.029
19  169.217  156.675  162.975  -70.537  -19.695  -85.395
20  178.808  139.345  177.066  -80.024  -24.961  -72.941
21  163.855  144.624  178.429  -79.047  -40.392  -85.338
22  179.960  141.308  179.002  -72.471  -32.136  -35.200
23 -178.513  152.483  156.569  -76.749   13.651 -100.183
24  172.006  142.379  174.503  -91.002  -16.167  -66.997
25  143.253  166.232  165.829  -88.229  -20.421  -99.655
26 -169.793  144.856  171.489  -79.817    2.733 -146.466
27  172.280  168.100  174.840  -80.400  -15.439  173.772
28  179.632  159.669  167.648  -75.929  -35.342  -74.488
29  170.855  157.710  164.266  -77.567  -25.226  -67.419
30  178.342  157.730  172.778  -82.068   -6.746   31.574
31  173.389  154.483  174.302  -77.215  -19.626  -69.011
32  171.585  149.057 -177.612  -74.097  -12.266 -130.667
33  159.584  143.830 -179.691  -76.804   -6.037 -109.051
34 -153.655  157.943  179.559  -52.119  -31.679  -95.525
35 -167.958  147.374 -176.950  -63.277   -4.934 -114.987
36 -171.805  149.974  170.208  -68.355  -22.006  -59.296
37  178.224  145.451  177.585  -69.772  -27.901  -59.791
38 -168.315  152.278  179.723  -77.380  -31.188 -137.851
39 -175.329  160.149 -178.287  -81.438   25.475 -156.425
40 -170.842  150.508  170.817  -84.549  -11.505 -121.893
41 -175.408  131.782 -179.688  -63.988   -9.338 -133.826
42  179.982  140.844 -177.536  -69.476  -45.315 -128.983
43  176.774  145.867  169.473  -66.729  -26.068 -105.201
44  150.682  165.543  165.162  -66.921   -1.603 -112.194
45  178.016  142.560  175.336  -51.266    6.800 -127.539
46  166.991  161.599  165.183  -76.639   -4.971 -121.443
47 -171.305  137.385 -171.352  -62.246  -21.491 -127.329
48 -173.891  153.550  178.122  -63.108    3.859 -125.098
49  162.417  161.927 -178.475  -84.275  -54.471  141.541
50  166.377  154.071 -176.500  -53.299  -34.436  -79.840
51 -133.014  142.061  171.991  -97.820   -6.667  -83.317
52 -168.800  154.385  177.488  -80.891   15.693  -88.228
53  171.912  136.277 -175.184  -63.643    2.040 -121.603
54 -175.782  149.151  171.627  -90.535   -4.557 -110.575
55  177.094  139.271 -171.415  -88.254    4.092  -70.238
56 -179.742  159.521 -177.013  -76.399  -47.396  -76.366
57  164.873  148.692  175.271  -76.869  -20.246 -140.765
58 -167.356  129.663  176.585  -79.122   -4.818  -88.764
59 -160.966  152.408  179.993  -72.933  -46.885 -126.186
60 -169.484  158.193  175.652  -71.818  -29.601 -107.162
61 -167.223  171.236  172.532  -82.925  -45.381 -124.163
62 -146.597  148.554 -171.320  -76.941  -36.253 -139.758
63 -174.944  140.821  178.593  -82.830   -8.482 -106.657
64  165.785  155.837  175.467  -85.620  -18.783 -107.675
65  173.412  131.647  179.700  -72.194   -0.885  -88.806
66  151.939  174.402  161.757  -75.039  -15.068  -55.600
67  167.188  173.350  163.798  -69.859  -40.704 -112.661
68 -155.812  149.842  178.642  -70.334  -35.417 -112.321
69 -160.662  142.313  177.330  -71.544    3.492  -98.396
70  162.984  135.325 -176.431  -76.340   34.519 -164.806
71  174.652  162.295  171.699  -81.582  -43.046 -123.526
72 -168.875  158.044  167.581  -71.801  -21.940 -103.450
73 -166.743  159.492  167.211  -80.330  -10.096 -100.326
74  171.369  150.540  170.610  -81.976   -7.540   42.677
75 -137.606  150.636  177.801  -69.517   -5.835   48.150
76  157.684  166.384  158.665  -84.045  -35.420  -76.526
77  179.665  148.091  169.480  -64.864  -15.312 -102.841
78 -156.442  134.846 -170.153  -70.628  -34.820  168.387
79 -173.823  142.987 -170.624  -59.663  -48.789  177.502
80 -133.536  119.491 -179.404  -64.602   31.142  111.221
81  149.965  151.015 -177.772  -65.142  -33.234  148.466
82  160.083  167.429  165.392 -108.191  -29.242 -106.450
83  175.674  163.443  153.380  -69.488   -0.977  -92.941
84 -146.744  167.491  149.220  -71.084  -19.580 -112.989
85  158.447  170.384  153.857  -59.128 -100.159  -89.388
86 -154.994  158.366  156.056  -76.613   -6.984  110.791
87  173.060  179.793  148.866  -78.397  -36.624 -114.669
88  163.678  168.080  159.133  -63.418   -1.260  -72.445
89 -177.281  176.634  141.150  -78.674  -16.702  -91.013
90 -179.988  171.525  164.084  -88.777  -21.424  -76.715
91 -152.701  128.502  166.297  -72.522   15.956  120.548
92  160.017  153.444  161.647  -87.698   -0.489  -90.147
93 -177.173  170.673  161.671  -99.325  -22.209  -89.614
94 -178.861  128.469 -175.410  -80.845  -12.408   71.651
95  177.846  154.368  177.592  -74.428   10.693   78.536
96 -150.800  139.994  169.637  -68.327  -11.553   34.206
97 -171.340  152.862  157.834  -74.761   32.213   68.504
98 -162.625  153.449  161.385  -72.120   17.378   82.387
99 -151.392  157.399  158.730  -78.347  129.179   77.616
100 -138.017  159.894  164.514  -81.793  116.977   64.417
101  168.658  146.964  168.453  -81.522   -0.410   66.751
102 -158.740  144.202  171.645  -68.015   -7.198   50.937
103 -132.421  143.330  167.986  -69.034   -2.117   46.224
104 -161.154  153.011  165.602  -66.801   17.869   89.900
105 -166.814  158.567  170.309  -82.879  -18.320   39.296
106  165.222  159.887  166.608  -85.660  -28.304   64.032
107  177.614  154.432  163.449  -79.563   32.455    4.088
108 -151.917  160.890  155.755  -83.003  -17.643  -31.317
109 -179.872  155.723 -177.511  -75.943   45.899   78.736
110 -175.392  164.290  155.332  -69.560   47.373   61.772
111 -158.421  161.251  160.595  -64.304  -13.814   81.533
112 -175.759  152.964  160.458  -72.715   46.117   71.977
113 -161.814  149.320  157.784  -70.352    7.723   25.866
114 -178.237  151.006  172.275  -92.345   30.911  -50.287
115 -172.322  148.395  171.327  -76.542   36.245  153.015
116 -157.453  145.609  163.793  -72.425   39.857   58.178
117 -160.035  145.335  167.411  -58.241  126.794   99.195
118 -157.580  156.487  177.012  -70.058  143.410   76.121
119 -172.612  147.405  164.787  -72.132    0.479   92.449
120 -158.641  155.719  152.836  -75.307   65.686   39.072
121 -178.674  141.083 -179.480  -70.164   13.242   52.912
122  177.269  149.148  174.151  -68.436  -12.669   64.795
123 -154.198  148.699  172.046  -97.878   22.384   17.851
124 -153.960  143.330  175.405  -94.354    2.847   65.083
125 -159.473  168.225  172.885  -75.052    1.662   45.070
126 -163.971  154.589  170.952  -97.791   34.762   17.632
127 -168.297  146.480 -176.221  -87.186  -12.449   62.657
128  160.911  158.411  167.083  -68.141   11.994  -98.497
129  178.189  164.046  162.731  -95.028   25.252  -98.469
130  172.485  148.833  166.262  -45.094  -14.998   25.254
131  173.706  148.048  162.243  -90.129   45.308   72.631
132 -155.181  139.899 -179.664  -78.303  -32.313   99.891
133 -174.110  151.855  172.844  -84.281  -11.661   66.014
134 -167.544  132.538 -178.138  -70.417   15.400   67.453
135 -178.837  156.667  160.685  -69.653  -14.182   82.905
136 -167.221  160.845  172.385  -68.585  -14.343   49.234
137 -162.549  142.102 -179.219  -74.189   -2.827   64.145
138 -150.662  136.293 -178.687  -78.375    2.569   62.961
139 -144.172  134.936  160.447  -63.804  -17.115  104.430
140  161.216  167.094  157.210  -79.952   -9.730 -123.602
141 -174.098  156.320  165.130  -87.177  -25.156   -0.694
142  133.626  163.355  171.018 -104.285  -52.117   -6.702
143 -105.424  155.551  173.664  -82.196  -47.222   82.301
144 -173.156  156.014  170.968  -83.305  -14.842   35.156
145 -144.213  151.485  169.183  -75.475  -20.053   62.369
146  174.278  172.272  175.459  -84.061  -51.288   64.232
147 -179.271  161.322  165.537  -74.269   23.434   37.132
148  179.435  164.525  160.156  -73.472   -9.637   45.011
149  174.860  166.562  157.984  -70.515  -24.062   78.050
150  174.525  162.273  166.383  -58.108  -22.424 -141.579
151 -154.948  144.774  172.170  -68.168   20.423   59.542
152  176.092  145.812  174.225  -66.197  -46.183   65.115
153 -143.040  156.467  161.601  -59.789  -23.308   61.067
154  157.742  174.198  151.545  -76.736  -23.970   53.170
155 -158.516  157.644  175.604  -90.554  -14.252   57.317
156  178.831  150.788  172.913  -69.627   -4.653   59.272
157 -169.568  157.231  171.978  -70.097   -0.873   13.181
158 -155.290  155.918  156.538  -73.001   84.988   25.213
159 -177.485  161.156  176.683  -78.696   -5.728   20.363
160  144.833  168.222  173.174  -85.586   -1.390   75.023
161 -173.873  152.292 -178.587  -79.152   24.783   52.136
162 -157.249  151.660  178.457  -76.703   37.756   28.155
163 -169.400  173.928  144.338  -79.774   38.680   41.697
164 -162.226  149.898  166.183  -96.283   -7.025   42.277
165  154.619  158.099  166.947  -61.784   30.448   22.603
166  167.758  150.325 -179.512  -67.599   32.728   83.164
167 -159.755  155.434 -177.395  -66.019   18.686   76.006
168 -161.150  154.655  169.746  -74.909   24.043   79.917
169 -153.692  131.765  175.628  -68.039   19.951   58.129
170  176.934  159.241  160.471  -89.778   72.008   22.441
171 -138.330  145.479  176.427  -61.422   18.353   74.899
172  178.842  152.447  179.644  -80.043  165.347   73.067
173 -175.162  153.957  172.216  -81.585   33.465   74.103
174  173.687  152.049  168.658  -81.659  -10.803   71.514
175  155.663 -178.388  145.000  -74.779  -50.744  131.173
176  152.894  161.924  165.349  -72.323  -24.799   25.824
177 -163.906  147.458 -175.839  -60.659    0.360   73.232
178  178.353  166.847  153.529  -70.915   67.559   80.661
179  173.026  152.309  179.553  -67.212    2.057   52.023
180 -177.000  139.585  160.929  -65.414    6.099   81.691
181 -130.959  164.034 -175.432  -92.001    5.111   25.122
182  172.352  147.207  175.020  -68.022   19.249   43.777
183 -164.927  152.263  166.488  -70.849    5.100   65.260
184  173.282  149.294  175.615  -74.334    3.126   11.812
185 -161.871  144.638  165.563  -65.005   36.246   65.811
186  163.556  149.353  166.937  -58.436  -11.955   85.310
187  162.929  146.917 -174.474  -66.749  -13.982   39.445
188 -157.644  148.782  170.279  -79.318   -4.124   45.952
189  168.809  148.140  168.109  -91.834  -33.661   15.412
190 -164.021  154.356  173.485  -34.632   -2.126   86.326
191  159.890  162.590 -179.269  -74.422  -45.804   51.134
192  169.419  129.576 -172.686  -66.706  -13.290   92.927
193 -177.282  154.632  161.962  -84.683   -5.937   96.730
194 -144.612  135.569 -162.354  -67.740  152.465   89.338
195  163.462  136.686 -169.990  -93.182   -0.016   79.276
196 -155.514  137.048  176.827  -76.213  151.884   92.193
197  167.517  152.932  165.508  -65.905  154.674  111.228
198  133.695  163.820  176.406 -118.443  -26.927   34.238
199  176.142  159.844  172.976  -72.879  162.063   64.460
200 -156.745  153.039  177.846  -68.672 -176.731   81.883
201 -179.110  149.921  173.256  -68.002   76.823  122.389
202 -157.542  152.469  175.407  -66.348   34.003  102.923
203 -170.387  151.452  172.975  -78.752   36.253   79.245
204  165.367  152.437  165.364  -77.345    6.467   98.277
205  174.647  152.817  179.520  -89.061   38.881   92.511
206  177.950  146.845  174.647  -67.866   43.317   91.180
207  163.898  140.528  177.616  -63.736   -2.062  126.264
208  169.452  169.608  176.334  -83.873   15.053   63.497
209  178.951  150.866  170.901  -78.407  -13.623   49.577
210 -168.152  145.680  161.955  -75.634  -29.352  102.597
211 -173.908  163.370  176.679  -87.469   11.319  135.599
212 -157.894  161.407  162.464  -71.784   20.148   59.423
213  168.151  149.964  174.212  -75.218   31.342   48.568
214  175.249  165.841  169.002  -78.174   31.475   31.957
215 -163.437  153.787  166.269  -66.717   54.050   68.216
216 -174.981  164.310 -169.961  -85.142   -4.372   79.069
217  162.202 -167.679  125.125  -67.355   55.969    3.275
218  171.233  160.558  161.121  -68.189    2.943   80.082
219  167.517  152.557 -171.531  -83.639    4.051   68.481
220  174.078  145.820  171.585  -55.822    5.064   53.662
221  153.642  163.924  173.167  -80.493   -3.500   65.920
222 -164.040  148.589  177.141  -79.220   21.941   36.906
223  172.220  145.696  172.132  -91.906   10.656   58.153
224 -146.177  157.204  158.297  -64.379   32.627   24.368
225 -135.969  138.694  166.913  -73.115   -8.224   89.350
226 -179.535  160.430  160.265  -80.358   35.067   24.165
227  167.442  156.077  173.283  -72.722  -11.879   29.318
228 -161.175  149.237  173.500  -83.534   12.238  150.373
229  179.400  130.451 -179.611  -75.077   -1.750  106.301
230 -161.364  151.288  171.865  -78.852    4.025   41.390
231 -175.321  137.246  175.228  -80.046  -18.622  112.889
232 -172.170  140.966  178.119  -64.573   10.948   69.406
233 -165.643  155.319  173.998  -76.477    1.522  101.606
234  156.650  165.577  177.321  -79.758   28.497   -5.954
235 -139.326  156.075  159.206  -94.255   29.902   50.413
236 -159.701  151.810  171.363  -64.774   32.618   67.756
237 -175.135  145.255  179.024  -67.242   52.576   74.662
238 -170.315  151.654  179.920  -69.759    4.768  142.209
239 -169.341  158.430  172.578  -69.514   -1.565   93.357
240 -166.122  161.045  165.436  -61.539   21.948   62.848
241  164.303  154.636  163.579  -68.692   45.823   16.695
242  165.035  152.407 -179.845  -79.502  -22.806   93.168
243 -161.926  150.132  172.579  -80.697   42.057   28.715
244  168.524  165.503 -176.665  -76.640   -9.315   49.712
245  153.675  153.543  173.802  -73.321   19.676   43.541
246 -159.233  162.447  167.837  -69.984   -3.363   32.706
247 -175.772  146.753  171.757  -88.528   -9.094   62.685
248  171.815  149.009 -177.867  -67.677   42.192   55.347
249 -177.298  164.699  167.872  -79.940  -37.561   38.242
250  164.748  142.458 -179.308  -78.702   13.108   98.638
251 -173.191  145.604 -171.899  -81.194   -6.507  103.338
252  156.774  145.980  165.898  -87.217    6.325   78.753
253  173.412  155.380 -177.051  -84.194   -3.258   87.979
254  174.561  167.451  175.994  -79.611    7.870   65.161
255  176.887  147.934 -177.710  -73.632   14.819   63.367
256  179.006  145.747 -168.843  -78.471   55.293   60.914
257  139.633  165.240  169.001  -61.659  -32.824  103.134
258  174.078  160.277  173.535  -84.976  -39.510  108.281
259 -164.870  155.868  166.194  -90.392   -3.538   53.992
260 -164.096  130.605  177.835  -65.813   -1.370   54.704
261 -171.150  159.768  166.857  -79.019   -3.690   52.345
262 -158.974  143.645  173.896  -81.279   33.483   65.318
263 -156.245  136.306  172.237  -87.525   13.612   50.003
264 -167.451  140.407  172.793  -77.909   34.150   53.113
265  178.166  150.271  173.243  -87.246   -5.239   38.412
266 -160.971  151.389  175.952  -75.701   11.213   95.540
267 -175.240  150.447  167.614  -68.278   -6.146   50.287
268 -167.543  154.520  161.714  -71.905    4.584   88.955
269 -164.971  148.727  166.622  -78.214   34.761   78.225
270 -157.368  160.632  174.285  -88.881    1.296  107.597
271  171.883  155.785  177.270  -76.577   15.224   67.135
272  146.404  165.881 -177.842  -86.278  -11.109   32.527
273 -165.263  151.982 -179.617  -89.360   -6.809   46.886
274  175.645  164.921  159.086  -72.895  -19.492   39.315
275 -139.826  153.165  173.456  -83.345   -3.307   53.318
276 -167.262  141.528 -177.996  -91.491   50.244   69.588
277  179.768  148.821  166.268  -87.990   50.594  110.860
278 -138.472  152.333  175.161  -72.643   41.632   55.614
279  172.238  146.996  171.743  -78.416   -5.165   51.078
280 -152.982  157.837  170.201  -81.372   11.362   52.142
281 -162.708  142.812  165.103 -107.421   14.943   90.775
282 -129.365  152.115  151.940  -89.127   35.139   71.499
283 -137.410  159.460  164.322  -97.968   24.335   29.109
284 -164.464  142.424 -179.099  -64.907   25.803   13.256
285  151.697  159.787  169.639  -67.839   37.861   37.088
286  169.064  174.996  168.436  -64.942   13.842   62.388
287 -149.244  157.093  170.950  -82.881  -22.971   34.306
288  172.457  153.146  162.540  -77.059   14.023   39.108
289  167.571  151.572  168.938  -88.631  -14.806   54.680
290  177.616  138.387  179.748  -74.771   13.918   63.597
291 -148.664  152.391  173.556  -88.316    3.989   80.902
292 -168.935  150.096  179.712  -53.961   11.332  108.291
293 -155.311  155.366  168.931  -80.747   14.377   47.459
294 -176.479  151.421 -176.334  -71.342   25.477   59.791
295  166.392  149.657  178.609  -67.286   -6.458   74.410
296  154.281  158.813 -177.385  -60.626  -21.614   24.230
297 -176.127  156.637  157.345  -64.761   55.297   25.021
298 -171.441  140.244  170.922  -56.269  -19.151   68.188
299 -168.035  156.382  171.118  -68.395  -17.204   37.643
300  173.757  145.720  175.294  -77.577   -7.144   59.716
301  172.047  143.464  172.739  -80.997  -23.363  121.123
302  169.383  148.922  179.664  -65.993    2.236  115.225
303  175.731  156.033  174.344  -71.702  -20.757   49.669
304  134.878  149.678 -172.635  -83.586    6.058   34.762
305 -176.646  137.286  165.627  -90.607   -9.266   81.847
306  178.212  150.682  178.191  -83.795  -12.286   68.299
307 -177.934  164.186  153.365  -75.132   12.212   65.948
308 -179.774  146.778  174.559  -82.519  -10.772   39.502
309 -176.769  151.660  164.661  -67.138  -16.685  164.081
310  179.970  158.863  171.480  -78.048   42.889   56.521
311  178.165  156.259  172.396  -78.686   17.596   60.382
312 -174.186  161.777  167.681  -87.127   14.910   71.596
313 -166.202  153.302  175.741  -78.381   -8.208   39.341
314  172.287  170.621  165.976  -74.703  -38.338   67.756
315  163.653  151.482 -178.771  -69.951   -9.521   85.359
316 -167.041  138.777  159.841  -80.644    7.003   73.535
317 -144.198  143.999  158.240  -64.724   87.676   67.494
318 -172.750  156.730  168.423  -82.826  -10.852   21.117
319 -179.928  156.745  163.512  -71.530   22.412  -28.875
320  164.623  147.103  176.126  -84.861  -27.467   82.203
321  170.546  168.412  157.427  -63.678   -0.087   77.912
322 -157.230  165.814  167.350  -81.386  102.783   52.102
323 -174.418  128.742 -174.431  -77.858    0.405   57.737
324  165.379  162.475  155.540  -85.970    1.996   42.508
325 -174.109  144.656  175.800  -62.786    1.864   92.187
326 -163.869  138.986  179.682  -90.800  -41.865  161.636
327 -134.417  133.860  172.382  -88.483  -12.200   92.870
328 -171.754  151.474  172.836  -87.877  -37.369  150.658
329 -176.619  146.352  172.210  -65.414  -13.041  125.913
330 -147.156  147.682  155.599  -80.240  143.940  107.539
331  164.528  153.142  174.627  -77.657  -10.071   52.517
332 -174.217  143.365  164.220  -88.085   37.445   84.381
333 -164.646  154.145  155.655  -62.030    7.386   37.195
334 -162.227  158.299  160.842  -78.877    7.670   66.326
335  172.805  159.622  174.626  -75.333  -18.603   52.636
336  169.647  161.119  162.411  -84.311   11.078   43.908
337 -164.866  147.802  179.995  -66.895  -11.419   53.052
338  173.991  155.717  177.506  -62.200   19.085 -162.956
339 -176.092  143.599 -177.268  -62.941  122.186   26.172
340 -108.787  155.531  162.655  -75.362   -5.556   29.082
341 -175.395  152.068  159.324  -85.594   20.923   43.272
342  177.959  161.341  175.052  -85.987  -45.544   62.469
343 -161.383  153.301  161.237  -75.511   23.947   73.903
344 -166.514  135.039 -179.502  -68.776    1.986   53.820
345 -160.667  156.765  155.111  -73.091   44.367   68.300
346 -159.331  155.279  172.303  -76.407   -5.316  122.122
347 -170.351  141.181 -178.350  -71.779  -23.404  111.193
348 -140.032  136.974  175.295  -64.281   38.951   83.811
349  159.385  163.065  170.802  -86.664  -13.220   21.726
350 -157.287  147.393  169.836  -69.773    4.602   56.433
351 -176.799  163.819  169.801  -66.986    5.836    9.051
352 -173.112  169.540  163.334  -77.993   14.939   66.221
353 -166.602  139.270  168.267  -84.383    2.574   23.448
354  165.869  146.289 -173.769  -71.724  -21.119  116.840
355 -175.010  154.206  154.020  -65.007    3.097   58.958
356 -151.253  144.939  170.329  -64.506  114.343  124.869
357  168.215  162.672  171.717  -90.045  -25.047   87.642
358 -150.882  137.645  171.931  -66.743   18.836   67.847
359 -161.614  137.174  175.904  -77.801   32.432  122.116
360  176.972  143.019 -177.301  -82.887  -20.467   76.750
361  178.141  155.925  177.016  -77.580   -3.833   77.903
362  167.920  161.472  166.994  -82.277   20.117   58.188
363 -165.101  145.299  160.112  -72.219   -6.388   63.215
364 -171.668  143.381 -172.963  -72.834  -15.780  146.289
365  172.126  159.724  169.117  -85.324   -4.160  -22.376
366  167.007  168.423  160.811  -81.159  152.820   55.075
367  175.308  157.976  157.769  -75.219   10.516   81.633
368 -174.910  147.184  172.911  -80.344   -5.244   93.266
369  179.951  155.800  174.290  -63.273   47.977  -47.272
370 -169.842  155.577  168.106  -64.946   -7.059  117.261
371 -177.444  151.895  173.419  -79.778  -31.961  131.947
372 -152.702  140.435  171.867  -86.296   22.258   87.193
373 -167.585  169.345  159.080  -75.359  -18.389  126.323
374 -171.111  149.326  158.955  -67.852  -21.597  -53.832
375 -153.965  151.565  176.532  -75.596  -10.977   90.402
376  164.589  162.183  158.037  -74.299    2.502   47.987
377 -153.052  138.989 -177.583  -68.987  -28.741  100.946
378  174.376  145.342  167.837  -83.545  -22.928   46.990
379 -170.475  144.157  161.773  -88.260   -6.972   80.626
380 -177.808  143.574  175.188  -62.139  -20.555   98.971
381 -145.859  142.504  169.963  -66.330  -29.744  110.673
382  178.311  146.488 -178.831  -86.603   -7.611   25.528
383 -164.781  150.608  170.773  -79.254   16.034   55.640
384 -116.880  146.725  159.024  -99.838  -49.202   79.675
385 -147.199  143.757  167.734  -77.227  -23.955   67.408
386 -161.146  153.236  168.828  -62.210   -4.017   91.814
387  162.612  150.329  170.457  -64.657  -72.603   45.982
388 -162.778  138.452  179.686  -88.335   13.453   97.911
389 -138.150  152.730  158.990  -72.680    2.635   18.856
390  157.293 -176.833  157.376  -74.532  -20.848  -52.353
391  162.551  167.414  169.964  -63.103  -14.632   80.970
392 -138.962  145.768  173.750 -100.701  -17.062  115.523
393 -173.946  151.085 -175.106 -101.344   37.322   91.130
394 -132.848  133.199  160.862  -74.208   -5.203  100.105
395 -173.969  150.329  161.681  -75.637   39.789   93.127
396  172.631  136.429  173.411  -83.236    0.144  100.197
397 -154.734  159.734  161.809  -82.531   45.581 -125.638
398 -179.742  144.289  174.603  -71.651  -28.531 -109.813
399 -162.214  169.635  157.117  -75.002  -43.689  -77.374
400  166.642  173.697  158.175  -75.496  -96.569 -138.181
401  145.413  174.223  148.160  -62.440    3.302 -134.731
402  169.705  159.790  157.409  -79.457  -16.299 -112.818
403  144.895  163.546  169.677  -80.576   -9.003 -160.731
404  166.929  176.390  154.467  -58.489  -28.392 -120.315
405  166.048  174.355  154.584  -55.170  -44.345 -122.532
406  165.676  167.994  166.856  -55.615   29.493 -118.532
407 -165.686  172.067  158.742  -64.118  -37.412 -109.564
408  168.283 -178.562  154.078  -67.620  -15.652 -119.454
409  178.156  173.836  162.956  -63.672  -41.114 -147.709
410 -174.935  171.694  148.066  -72.338 -109.632 -123.480
411 -176.908  162.070  154.809  -75.514  -99.738 -119.808
412 -175.072  172.482  149.711  -70.716  -50.047 -168.685
413  152.847  171.449  162.254  -68.179  -49.639 -159.481
414  168.832  165.177  150.664  -81.343  -43.819 -149.670
415 -175.732  168.059  160.693  -90.383   -4.520 -159.060
416  163.825  162.920  151.101  -68.291  -36.309  -91.160
417  155.450  174.367  149.297  -72.895    2.046 -104.001
418  136.122  172.901  148.000  -80.089  -37.123 -158.803
419  173.145 -177.078  125.823  -70.714  -31.499  -99.762
420 -172.728  167.530  143.413  -81.660  -19.931  170.980
421  175.286  179.251  148.953  -63.725  -39.228  -91.550
422 -166.380  152.485  156.985  -99.657   26.127 -134.060
423  167.231  153.789  158.768  -67.652   28.856 -164.828
424 -169.888  175.008  152.221  -74.623  -22.521  -99.702
425 -178.619  168.835  159.360  -66.043   -9.773 -134.231
426  160.027  174.044  156.723  -77.067   11.580 -169.206
427 -170.128  162.378  162.105  -80.849  -18.344  123.194
428  155.612  168.158  154.045  -70.354  -11.864 -132.289
429  176.385 -175.388  167.625  -74.187  -35.168  179.867
430  178.552  167.607  151.657  -71.828  -28.115 -112.160
431  164.695  177.093  159.034  -77.659  -61.792  -91.155
432  168.540 -178.141  138.302  -68.471  -30.132 -143.921
433  175.047  144.104 -179.366  -74.346    5.556   99.783
434 -169.058  160.124  140.097  -77.756   -7.563  -96.588
435  154.340  170.495  147.405  -74.115  -26.065 -117.479
436 -175.344  154.480  165.264  -73.735  -25.970  -93.098
437  159.563  174.989  145.999  -74.924  -22.475 -134.233
438  166.583  160.876  159.476  -68.065   -5.973 -129.639
439  155.350  174.964  151.757  -69.811  -15.585 -136.754
440 -166.120 -178.082  148.446  -59.844  -35.730 -141.182
441 -179.409  154.008  156.403  -51.406   12.080 -123.839
442  164.611  166.499  160.072  -71.746   -1.255 -109.798
443 -150.602  160.814  151.416  -71.452  -37.770  -97.616
444  172.547  166.609  147.639  -53.573  -73.248 -103.072
445  163.265  162.590  150.038  -73.285   59.577  -86.644
446  168.851  164.257  169.756  -62.470  -26.228   93.928
447  168.698  163.807  158.530  -75.096  -23.808  110.336
448  164.386 -172.071  130.929  -79.971  -22.909  115.349
449  177.864  169.364  143.193  -75.646  -28.690  108.586
450  173.241 -171.959  134.065  -71.421    5.805 -103.151
451  176.546  170.475  160.049  -64.532  -28.966  -83.110
452 -163.822  150.271  152.228  -60.778   -2.337  -48.953
453 -156.245  178.055  152.279  -71.557   27.974 -102.440
454  169.800  153.361  152.841  -57.138   27.953   57.557
455  176.469  161.394  153.074  -58.105   25.571   64.498
456  157.162 -167.648  141.345  -62.956   -5.519  113.645
457 -128.774 -162.295  124.536 -100.210    4.480   62.691
458  146.027  174.860  151.694  -87.258  -26.659 -106.729
459  170.931  173.870  137.039  -65.817   -6.236  156.336
460  154.577  166.939  158.235  -68.261   -7.166  116.637
461  167.694  177.297  145.269  -65.398  -21.929  111.025
462 -168.036  163.171  169.943  -71.180  -46.904   75.620
463  171.897 -177.027  147.284  -85.153  -17.865   70.394
464  148.660 -174.659  135.577  -61.639  -33.685   62.583
465 -171.634  178.888  142.246  -66.714  -46.665  101.030
466  156.098 -157.203  132.409  -83.950  -48.762  102.546
467 -179.954 -164.583  145.857  -66.125  -62.791  153.752
468 -171.040  171.154  152.593  -58.992   -5.751  140.349
469 -173.685  173.081  148.536  -70.898  -19.116   56.646
470  171.775  169.610  159.805  -73.467  -32.001  113.458
471  177.026 -175.976  124.680  -73.977  -18.809   92.090
472  151.851 -175.495  153.580  -74.409  -10.488   87.921
473  155.920 -168.486  140.011  -76.361  -10.318 -174.902
474  173.186  167.550  162.213  -73.935   -3.503  100.389
475  176.774  160.164  154.007  -65.797   -5.666  114.351
476 -179.721 -170.456  130.847  -71.581   55.861   88.588
477  155.437  157.028  161.501  -54.335   -8.711  162.148
478  179.524  178.400  152.257  -71.573  -34.265   92.251
479  169.606 -179.724  144.614  -79.799  -12.774  107.037
480 -176.863  175.829  144.624  -73.249    7.860  123.750
481 -125.690 -178.824  145.552  -66.643  -61.203  164.372
482  159.247  172.610  139.093  -76.678  -18.484   89.169
483  146.470 -170.162  143.247  -65.740  -34.067 -138.806
484 -166.042  162.637  152.438  -62.311 -129.347  -83.510
485  129.893  166.969  142.518  -77.532  -15.375  164.903
486 -177.889  179.130  146.217  -62.425    0.063 -130.478
487  177.204  179.871  131.900  -77.462   -4.377 -128.814
488 -179.401  166.842  151.670  -67.605  -18.141  -86.568
489  154.575 -155.263  137.318  -68.696   29.548  124.238
490 -174.011 -163.360  134.483  -62.433  -13.879  132.614
491 -177.358 -168.421  140.140  -81.871   24.641  121.074
492 -177.326 -171.913  148.589  -83.465    9.849  101.790
493  164.932  178.816  137.842  -86.053  -38.024  -85.799
494  165.547 -167.650  139.906  -82.217    8.737 -173.118
495  175.337  141.670  164.762  -76.023  -50.230  157.106
496 -161.890  160.343  146.900  -71.185   16.267 -108.565
497  156.936 -170.748  131.263  -66.521   14.945 -171.610
498  153.558  172.847  144.934  -74.271   38.937   66.202
499  167.569 -179.106  143.694  -83.250    1.652  122.358
500  169.895  176.442  152.269  -70.751   32.694  164.367
501  177.561 -171.717  134.856  -81.687   37.389  123.536
502  111.884 -153.779  132.923  -73.615  -17.415 -152.861
503  165.229 -169.511  136.867  -74.732  -38.591  140.812
504 -162.483  177.383  148.576  -78.939  -33.144  107.979
505 -176.812  171.362  155.403  -97.840  -11.313  108.339
506 -177.154  172.120  150.571  -67.388  -54.465  146.477
507 -175.424  170.628  138.238  -72.954  -85.414  -99.213
508 -170.919  175.397  146.308  -75.990  113.626   60.861
509 -173.197 -179.144  142.324  -79.522  -97.334  -59.979
510  166.517  177.458  156.059  -69.348  -23.112 -119.591
511  146.140  176.107  163.018  -70.440    3.359 -170.829
512  159.307 -172.607  145.387  -78.684    6.740 -155.519
513  151.057 -164.341  147.223  -71.013    6.477  120.421
514  160.172  178.274  152.527  -74.201  -13.904 -120.857
515 -163.736 -170.951  142.165  -78.235   13.281  138.968
516  141.215 -164.319  124.134  -70.067    0.355 -166.024
517  150.017  178.331  162.211  -61.625    3.743  105.689
518 -179.468  155.074  169.659  -80.806    2.663  108.814
519  163.940 -169.761  147.574  -78.793   43.544   99.833
520  159.878 -159.994  139.781  -71.207   24.416  129.115
521  163.771 -161.143  134.145  -74.995  -45.966  101.153
522  159.378 -176.012  153.922  -80.028  -23.495  135.031
523  161.880  179.996  146.310  -78.898  -39.104 -174.983
524 -171.446 -173.545  147.560  -75.275   50.933  144.455
525  175.541  155.845  153.207  -69.065    6.926  -91.958
526  155.710 -173.187  142.925  -61.497   20.026  178.051
527  172.927  179.456  135.780  -70.565    7.244  120.784
528  149.157 -165.492  141.146  -64.250   13.426  153.047
529  167.126 -171.585  145.543  -80.217   49.282  120.172
530  150.522 -171.922  143.920  -73.380   -0.013  160.226
531  173.982  172.436  155.185  -72.217   -8.341  178.206
532  167.789 -168.715  123.407  -67.731  -11.809 -104.725
533  149.111 -175.651  148.884  -72.827   12.744   88.669
534  153.895 -175.376  139.538  -83.740    6.289  157.487
535  148.710  178.885  147.630  -76.096  108.507  149.928
536 -175.630  177.876  160.249  -83.927   22.866  106.267
537  161.307 -161.317  133.412  -66.747  -16.398 -119.909
538  163.840 -166.349  132.405  -72.696   -8.739 -140.839
539 -178.408 -177.324  141.432  -83.168  -12.474  -92.536
540  145.051 -164.333  133.296  -75.995  -67.258 -163.270
541  131.443 -178.201  151.287  -72.380  -29.626  146.692
542  160.345  167.358  152.135  -85.939  -35.154   97.981
543  160.549  171.374  153.162  -82.530   -7.859  165.453
544 -163.088  163.316  151.022  -59.196  -18.216 -104.963
545 -172.457  165.874  147.077  -67.762 -137.264  -84.045
546  158.076  168.685  156.006  -79.654   -8.131   95.770
547  131.233 -158.125  139.341  -93.532   -7.103   85.759
548  154.341  178.064  152.766  -74.852    4.441   91.486
549  159.089  175.132  149.867  -60.528    6.122   89.637
550  162.581  177.091  145.764  -72.818   -8.098   82.660
551 -167.334  164.339  145.142  -82.853   20.772   70.612
552  157.811 -166.885  126.260  -69.854    3.866   75.064
553  154.124 -170.421  131.564  -75.754   47.421 -121.587
554  170.894 -175.697  155.903  -72.880   18.637 -156.632
555  161.792  174.124  157.984  -84.850  -23.438  113.909
556  169.804  174.132  174.605  -80.878  -35.591   70.468
557  158.376 -175.084  144.770  -81.529   -4.100  -48.280
558  166.302  167.340  166.773  -70.255  -68.084  -80.293
559 -172.484 -172.574  152.917  -78.648   10.329 -132.512
560  142.575 -174.456  139.145  -64.350    2.641  -95.162
561  164.858  173.556  151.437  -75.912  -41.349  -68.924
562 -173.924 -171.003  132.966  -75.549    0.437  -67.537
563 -177.435 -168.788  151.010  -67.039   13.632   54.746
564  176.879  171.535  160.069  -64.397  -25.588   22.461
565  160.902 -155.572  133.575  -64.437  -14.746 -109.114
566  161.255  174.617  143.220  -67.104  -18.895  -99.562
567  171.940  167.371  144.852  -71.013   -5.360 -117.866
568 -174.497  150.799  162.952  -78.006  -38.374 -117.926
569  146.738 -174.157  156.419  -81.603  -26.082  -62.740
570  146.186 -172.149  145.184  -81.291 -131.421  -99.968
571  171.964  164.262  147.904  -64.907  147.861  -33.368
572  139.998 -164.479  141.297  -80.877  -21.459  -79.399
573  152.579 -177.115  143.324  -75.809   27.821  -92.355
574  162.948 -178.380  131.402  -68.794   -7.778 -105.335
575  154.981  177.237  139.842  -82.409  -13.529   48.625
576 -163.805 -178.442  149.942  -89.293   17.820   72.316
577  170.091  164.600  135.985  -67.930 -161.588    2.515
578  145.118  173.438  143.394  -71.195  -69.793  -37.577
579 -178.344 -176.985  154.745  -81.972 -102.384  -40.518
580  162.082 -166.576  135.042  -73.601   10.143  125.556
581 -179.185  165.236  142.220  -78.254   15.741 -101.877
582  162.329  161.709  162.334  -76.822  -15.996  135.592
583 -165.556 -171.694  136.583  -70.177   38.425  109.355
584 -137.639 -162.113  133.628  -74.714  -13.349   84.789
585  171.977 -175.019  135.969  -63.336    6.841  107.171
586  178.909  177.270  152.226  -80.556  -29.036  152.039
587  173.275 -166.814  136.878  -86.177   23.770   91.897
588  151.307 -167.559  147.216  -83.902   25.681   98.415
589  156.372 -168.072  134.893  -70.331  -32.441  134.463
590  142.755 -162.176  139.175  -61.639    3.644  124.474
591  156.078  175.931  152.234  -74.132   10.865  116.030
592  174.182  178.450  153.979  -75.936    8.782  142.187
593  153.450 -162.018  132.707  -65.340   46.268   -0.555
594  144.961 -177.365  141.038  -77.413  -28.855  164.673
595  176.917  174.101  148.529  -73.291   24.280   46.931
596  155.108  171.809  161.799  -71.390   34.040  121.991
597  170.428 -167.152  137.725  -62.829    9.088   73.298
598  163.409  174.720  147.883  -87.375    4.066  156.769
599  155.434 -171.808  141.661  -60.973   -3.979  153.293
600  175.262 -169.719  134.388  -66.784   46.358  -77.306
601  173.525  178.768  148.999  -73.086  -19.315 -157.578
602  131.913 -170.339  129.109  -82.237   11.784   37.967
603  166.837  175.179  138.712  -77.193   19.991  141.139
604  159.220 -179.969  141.063  -85.836   48.658   50.980
605 -172.402  158.921  151.324  -83.847   97.582  116.979
606  150.429 -169.712  147.859  -68.737   13.041  135.334
607  162.636 -173.578  143.095  -77.251  -56.872  157.564
608  159.592 -166.318  128.892  -67.321   17.390  -84.415
609  160.809 -161.096  125.839  -74.495   24.345  141.901
610  122.811 -169.850  129.777  -85.198  -18.919  125.381
611  166.306 -169.281  144.924  -90.045   -9.999   98.810
612  140.629 -163.226  117.037  -81.319   15.743   54.493
613  177.900 -167.795  130.772  -73.708  -38.040   70.319
614  171.580 -158.897  126.669  -68.470   10.298   83.661
615 -171.748  152.798  145.447  -60.765   43.777   62.566
616  137.284 -169.514  130.071  -67.938   28.620   40.270
617  160.974  178.922  128.188  -75.702  -15.507   37.448
618 -178.800  177.473  142.278  -79.937   63.920   73.698
619  148.966 -172.929  136.745  -56.364   -5.113  159.216
620  162.913 -163.070  109.134  -77.563   21.263   59.510
621  157.445 -179.506  149.622  -64.963    2.532  130.222
622  145.325 -159.672  121.411  -65.454    7.693   62.962
623  159.856 -179.308  136.021  -71.187    1.464 -128.991
624  159.507 -175.091  134.939  -79.409   33.158  136.159
625  141.235  167.239  157.682  -64.846    2.020  145.201
626 -169.920  158.701  153.029  -73.176   55.974  148.898
627  156.384 -176.600  148.114  -64.508  -35.362  130.030
628  147.766 -163.217  129.393  -72.056  -15.679 -123.957
629 -179.046  168.129  154.550  -70.762   87.234  107.068
630  168.856 -165.748  135.474  -67.311   -8.404  120.322
631  134.402 -175.557  149.517  -69.669 -115.046  -67.816
632  169.012 -177.711  151.557  -73.471   26.044  134.952
633 -176.769 -178.923  151.359  -72.435  109.784   58.264
634  170.358 -165.520  129.520  -80.413  -45.837  149.285
635  144.040 -161.294  141.101  -75.269  -13.886  106.161
636  162.948  175.739  161.487  -67.803   -0.473   75.677
637 -178.786 -159.436  128.853  -74.584  -20.355  107.409
638  169.751  169.285  148.121  -81.591   30.248  156.792
639  147.909 -178.373  146.834  -73.267  -28.206   83.489
640  167.540  173.301  150.487  -88.987   12.964  104.158
641  168.020  162.838  151.304  -73.541   33.083   78.683
642  146.908 -169.666  138.751  -81.227   28.045  -90.984
643  129.324 -162.965  142.882  -91.854   45.021  -98.458
644  151.543  165.634  162.552  -74.384  -48.543  126.080
645  151.735 -165.871  125.330  -76.664   -3.391   57.101
646  160.294 -177.988  151.339  -76.432    3.673   78.465
647  179.981  145.831 -177.993  -73.665   27.970  135.334
648  167.658  173.466  138.280  -74.679  -13.358 -106.613
649  163.906  176.299  138.894  -68.541  -11.730  179.062
650  170.989  148.331  165.050  -63.069   -9.371 -165.859
651  176.710  154.166  166.931  -64.725    2.335 -134.061
652  134.108 -174.749  141.590  -76.482   32.106  167.406
653 -178.688  155.012  155.501  -75.328   57.253  171.112
654 -167.828  158.283  162.641  -73.535   46.738 -144.758
655  176.048  167.133  159.107  -81.846   -2.773 -139.930
656 -179.469  143.806  179.155  -89.811    1.949  150.390
657 -162.229  149.821  168.973  -74.872   -6.770  176.241
658  176.082  148.586 -174.939  -69.885   11.086  100.285
659  172.517  170.056  160.760  -80.421  -41.789 -136.577
660  179.285  154.224  163.058  -77.764   -6.247  -93.601
661 -171.917  161.806  157.565  -76.658   36.847  -92.203
662 -143.256  165.830  155.359  -65.745    0.327 -109.568
663  164.069  171.245  146.591  -68.465  -30.214 -145.446
664  178.275  163.472  156.028  -61.514  -59.528  -86.571
665  154.019 -155.362  127.520  -73.225  -20.611  -85.323
666  176.465  172.687  154.332  -70.082  -30.226 -152.080
667  162.874 -177.107  137.542  -73.774  -70.067  -81.823
668  172.257  173.623  141.075  -85.915  -37.924 -137.554
669  144.550  174.950  137.414  -70.910    5.361 -138.667
670  155.450 -156.456  125.171  -64.909   -5.687 -131.377
671  154.252  166.247  158.399  -70.380  138.853   77.432
672  151.546  176.931  166.395  -80.549  121.549  123.062
673  152.844 -160.675  138.792  -69.901   10.496 -101.524
674  170.512  174.062  144.769  -72.456   52.791   58.951
675  150.918  178.299  151.645  -72.496  -23.753  176.360
676  139.301 -158.733  139.316  -68.684   45.884  -58.625
677  157.488 -167.886  132.808  -81.367  -21.758   83.537
678  158.361  175.276  142.473  -69.042  -11.720  138.828
679  173.016  176.233  154.687  -79.668    7.214 -118.902
680  171.953  176.810  149.720  -80.317   28.391 -174.417
681  162.644  161.691  159.777  -78.662   20.057 -141.276
682 -176.989 -172.000  148.897  -71.184   46.102 -135.770
683  177.636  168.353  151.327  -50.210   17.114 -119.824
684  137.873  177.173  147.910  -62.684   23.466  -95.070
685  164.971 -178.883  150.185  -81.360   53.414  -85.464
686  147.816 -169.338  143.265  -71.756   20.125   72.802
687  157.935 -172.905  154.301  -83.583   19.953  -70.344
688  159.452 -166.608  148.255  -82.991   -5.337 -132.714
689 -177.075  164.904  162.443  -61.372   42.351  168.043
690  157.716  174.450  141.543  -77.497  -24.492  -99.528
691 -174.813  171.503  142.832  -84.797   -2.858   48.889
692  153.504 -175.994  150.818  -62.321    4.954  153.925
693 -123.852  161.371  169.999  -61.039   42.852  -69.880
694  156.108  178.426  135.598  -67.147  -20.116  145.561
695  158.973  177.054  141.512  -72.354   38.072  -96.731
696 -172.200  165.751  140.182  -67.820   35.673  -76.552
697  165.870  168.169  140.010  -81.443  -31.102 -119.583
698  173.747 -173.154  139.783  -70.355    1.284  -88.805
699  155.260  170.778  152.321  -79.359   42.029  -81.174
700  153.322 -172.858  137.408  -82.196   -7.621 -120.869
701  158.926 -162.106  139.201  -73.083  -10.226  123.921
702  169.266 -174.739  154.532  -73.605   19.837  -82.211
703  158.153  176.182  149.743  -80.131    9.006   64.763
704  154.984 -176.994  151.400  -62.166  -36.181   98.484
705  175.150 -179.661  146.410  -71.311   31.039   68.936
706  160.174 -178.651  136.411  -71.150   -4.174  104.574
707  152.640 -172.228  147.301  -73.409   11.186   95.075
708  143.168 -176.892  156.552  -74.526   18.908   84.930
709  164.539 -178.798  144.562  -68.486   34.028   77.133
710  171.652 -175.222  147.949  -61.568   -4.705   33.929
711  145.319 -172.548  138.118  -90.015   27.566  -66.545
712  165.223 -170.367  144.840  -72.242    4.570   32.834
713  156.231 -160.075  145.478  -78.622    6.408  -72.914
714  154.970 -163.128  137.923  -81.114    3.020 -105.083
715  170.506 -176.934  141.929  -87.089    4.475 -108.817
716  159.980 -162.755  135.964  -84.063    6.377  -22.354
717  144.018 -169.746  143.180  -79.643    6.980  -89.222
718  164.816 -170.050  152.355  -72.302    1.099  -90.985
719  134.308 -174.807  131.250  -63.153  -37.897  -73.237
720  176.875 -156.258  132.191  -80.576  -26.302  -80.461
721  163.370 -177.742  149.137  -62.331  -32.692  -77.922
722 -179.929 -165.467  122.447  -94.278   -4.519  -86.103
723 -176.627 -154.801  127.002  -89.106  -23.317  -79.711
724  135.913 -166.892  138.492  -79.662  -27.557  -29.278
725 -160.214  176.913  157.104  -70.977   26.234  -60.723
726 -171.395 -165.105  140.625  -72.132  -11.755  -28.420
727  178.158 -152.717  114.734  -64.826   10.754  -40.034
728  171.906 -162.830  149.974  -75.497   19.261   -0.471
729  137.862 -164.548  134.740  -74.105   15.695  -96.065
730  163.597 -173.066  141.641  -54.409   15.061   65.673
731  145.569 -167.642  129.818  -73.990    3.454  -90.986
732  158.722 -162.119  138.197  -81.124    4.836  -35.807
733  150.853 -176.166  123.065  -68.850   60.243  -72.694
734  141.857 -160.699  136.774  -76.045   20.010  -43.517
735  166.932 -174.986  156.609 -110.763   18.819  -77.901
736  139.503  176.303  165.216 -124.029    4.279 -100.465
737  157.497  176.801  148.602 -103.653   15.916  -58.110
738  148.394  176.831  158.408 -103.976   18.016  -49.889
739  145.790 -176.495  134.109  -85.252  -10.438  -64.017
740  144.423 -162.756  142.049  -74.375   -9.293  -72.652
741 -154.698 -174.528  148.200  -77.154   40.069  -53.052
742 -153.496 -174.500  137.489  -76.859  -23.672 -113.935
743 -171.289 -165.657  137.384  -86.454   10.808 -108.412
744 -177.325 -178.995  145.545  -79.694   48.167  -40.703
745  145.639 -170.590  141.581  -95.589  -27.794  -99.804
746  159.579 -176.629  140.827  -83.926   -3.924  -81.155
747  163.335 -175.424  150.955  -65.548    3.407 -107.874
748  155.201 -165.083  144.359  -92.561   36.874  -68.127
749  157.203 -164.565  141.365  -77.494    8.791  -86.739
750 -155.676 -158.405  111.940  -73.553    9.259  -20.948
751  116.733 -167.119  142.074  -62.902    8.095  -24.095
752  164.432 -178.717  146.824  -61.887  -22.173  -41.764
753 -158.257 -149.188  116.720  -81.911    7.689  -68.707
754  162.790 -155.306  128.823  -70.490  -15.175  -56.408
755  160.630  178.462  143.647  -71.432   45.628  -48.077
756 -162.328  166.649  144.649  -64.998   10.392  -87.278
757  156.030 -172.984  131.498  -83.235    3.760  -62.780
758  157.847 -175.185  129.178  -64.014   -9.388  -52.302
759 -166.933 -179.513  137.002  -73.411   -1.240  -92.746
760  165.470 -176.875  158.844  -68.221   13.997  -88.629
761  152.435 -172.129  138.058  -76.045    7.598 -100.909
762  167.000 -152.494  138.323  -77.290   31.756  -39.634
763 -162.619  171.143  144.097  -70.738   -0.316  -86.216
764  145.272 -163.648  135.381  -77.791   13.566  -80.385
765  161.845  176.003  146.781  -77.447    4.895  -72.229
766 -160.442 -179.335  153.612  -62.890   13.688  -82.229
767 -171.736  164.742  152.051 -100.477   13.633  179.372
768  167.409 -169.312  135.280  -69.875  -12.700  -56.467
769  166.673 -168.270  139.565  -63.506   23.034  -99.486
770 -177.464  175.082  154.175  -74.822   -5.364  -76.632
771 -161.351  172.715  147.542  -69.932    3.246  -64.191
772  164.011 -175.451  142.732  -68.899   -7.203  -96.807
773  160.613 -170.489  141.187  -62.127    3.289  -87.837
774  145.026 -169.257  135.907  -65.726    1.850  -93.792
775 -177.013  165.241  155.493  -80.947   -2.580  -91.138
776  155.602 -166.679  138.721  -94.904   15.903  -88.955
777  155.764 -175.869  147.187  -71.203    9.316  -93.017
778  157.766 -156.949  137.966  -80.373   13.207  -91.390
779  166.027 -170.871  128.424  -72.823    1.003  -94.510
780  171.496 -159.133  130.428  -74.410  -12.024  -57.519
781  149.721 -167.763  136.084  -79.574  -13.251 -102.366
782  176.665 -178.087  151.030  -63.459  -39.745 -137.850
783  147.980 -164.008  127.478  -84.835    6.788  -97.170
784  159.129 -173.343  146.643  -64.282   -1.462  -87.395
785  169.065  168.762  153.408  -57.716  -31.391 -126.698
786  161.641 -155.497  120.298 -102.505   14.326  -80.560
787  162.447 -159.782  129.224  -82.386   18.949  -90.333
788 -173.694 -167.322  134.115  -78.125   16.234  -75.960
789  151.855 -145.843  122.545  -75.189    5.290  -84.888
790  175.176  175.765  139.707  -80.578   51.282  -26.446
791  160.432 -175.591  148.665  -64.367  -15.101  -97.525
792  148.252 -165.265  129.816  -70.577   10.711  -89.619
793 -176.906 -157.161  128.327  -74.000   46.968  -48.869
794  160.387 -170.512  118.821  -86.701   19.950 -110.466
795 -176.034  164.113  134.554  -66.610    7.858  -80.235
796  178.514  178.818  143.021  -71.306   -9.807  -72.825
797 -169.118 -168.445  133.040  -80.333    5.573  -58.462
798  157.637 -158.983  127.299  -74.406  -21.033 -108.241
799 -178.411 -155.554  136.125  -87.321    8.008  -76.621
800 -172.565  169.675  144.556  -72.425   33.434 -127.317
801 -171.661 -176.819  149.707  -65.810  -11.314  -76.283
802  171.350 -173.292  132.921  -56.389   37.291  -84.624
803  154.561 -171.735  132.902  -84.279    6.224  -96.736
804  177.003 -172.229  136.196  -68.681   -1.035  -92.669
805  176.757 -167.089  144.357  -63.209   16.441  -68.316
806  158.410 -145.418  105.024  -71.840   21.489 -134.506
807  150.487 -151.189  122.492  -80.076   33.322  -79.017
808  161.739 -162.183  129.277  -83.364    8.044  -75.770
809  176.618 -150.988  129.186  -70.972    8.949  -71.817
810  173.529 -165.597  136.851  -68.816   49.373  -66.771
811  177.619 -145.242  124.777  -80.716   -1.510  -73.625
812  177.492 -158.693  130.478  -76.605   17.157  -52.139
813  177.576 -148.933  123.464  -80.215   -1.357 -115.814
814  174.586 -176.330  147.388  -67.870   22.371  -33.960
815  154.439 -156.828  120.894  -86.428   10.011 -115.852
816  171.457 -163.304  144.434  -65.975   20.701  -75.752
817  179.369 -165.828  127.386  -82.171   19.337  -95.996
818  161.774 -155.046  127.594  -78.846  -12.797  -93.951
819 -159.780 -174.424  125.900  -79.400    3.263 -114.611
820 -160.721 -168.347  131.745  -85.579   12.834  -90.324
821  149.002 -159.812  136.369  -81.365    4.784  174.386
822 -162.578 -169.184  142.393  -69.356   81.926  167.020
823 -173.703 -176.831  138.483  -77.994  127.127  104.569
824 -179.976 -165.164  128.602  -72.359  -43.829 -114.831
825  162.578 -158.354  130.069  -87.864   36.465  -73.432
826 -167.562 -169.154  139.182  -97.068   23.472  -64.533
827  177.604 -159.382  134.569  -81.055   42.136  -73.490
828 -148.897 -167.977  112.792  -82.115    9.616 -148.155
829  172.905 -168.607  137.532  -84.144  -31.154 -146.233
830  150.083 -157.313  127.276  -77.665   14.331 -122.057
831 -172.766 -166.169  131.946  -78.027  -18.451  -96.335
832  168.167 -159.275  122.917  -74.513  -21.804 -112.689
833 -166.403 -169.845  134.372  -77.180  -14.341  -78.107
834 -174.445  175.679  137.900  -77.238    9.368  -82.965
835  167.416 -154.459  143.953  -73.036  -44.743 -103.454
836  167.611 -166.137  134.192  -83.129    8.478  -83.393
837  159.328 -179.197  135.385 -102.114  -20.134 -131.279
838  171.973 -154.637  106.837  -86.774   -4.138 -108.313
839 -168.243 -162.563  126.559  -84.034    3.393  -76.917
840  153.994 -172.331  126.216  -80.860   -0.506 -111.136
841  172.563  178.564  148.226  -81.318  -26.896  -68.731
842  136.697 -172.649  137.201  -87.867   23.355  -44.136
843 -163.859 -150.354  114.640  -70.549   -8.412  -67.346
844  147.798 -165.132  130.689  -73.656  -19.224    5.534
845  153.049 -157.978  128.593  -73.826  -10.063 -112.928
846 -179.746 -168.243  113.260  -89.572   11.675  -66.624
847 -178.198 -156.775  135.625  -67.215   -9.965  -78.580
848 -174.759 -151.509  111.954  -84.864    8.202  -28.525
849  149.185 -158.410  130.238  -83.229    3.111  -33.935
850  154.307 -159.443  122.423  -85.663   10.250  -21.658
851 -175.655 -156.174  118.115  -76.155    7.671  -53.221
852 -171.249 -151.745  118.168  -83.066    5.612  -87.684
853  141.388 -163.285  141.612  -73.897   -8.357  -18.678
854  179.161 -157.980  111.948  -86.838   15.405  -34.879
855  178.938 -150.781  125.190  -86.886  -27.849  -92.782
856  143.908 -143.228  121.141  -73.139   24.488  -74.260
857 -173.671 -166.561  127.113  -69.093   -9.391  -76.087
858  143.841 -165.449  147.283 -107.218  -26.158 -102.718
859  177.878 -176.310  148.829  -62.239   13.180 -125.468
860  158.315  177.670  149.504  -70.219   -1.238 -175.210
861  160.807  178.829  159.703 -108.324   24.022  -79.287
862 -172.742 -168.027  122.056  -98.575   20.292  -73.214
863  159.415 -164.177  125.198  -67.237   17.144 -129.568
864  177.264 -173.581  138.744  -67.975  -28.965 -106.852
865 -174.876 -157.576  131.395  -51.452  -10.619 -142.002
866 -156.148  161.194  152.277  -65.451   15.536 -106.063
867 -167.340  154.326  168.103  -70.919   -5.654  -71.657
868  176.004  168.844  157.421  -58.190  -11.748  -93.378
869 -158.530  173.191  144.587  -81.526  -15.656 -119.873
870 -177.362  169.284  148.207  -75.955   -6.853  -90.071
871  174.144 -170.629  133.377  -83.924  -18.332 -102.991
872  162.262  172.688  150.729  -71.098   15.517  -97.205
873 -168.907  173.972  149.382  -79.858   19.966  -83.164
874  157.413  175.992  152.691  -55.727  -12.936 -138.446
875  165.845 -164.796  145.108  -77.049  -34.015  -79.976
876  162.799  161.305  161.951  -71.498   13.366 -134.877
877  172.656  172.387  162.695  -67.299    3.041  -99.432
878  166.778  176.373  155.619  -67.144   -5.388 -102.859
879  155.827 -172.794  142.778 -114.671  -16.935  -85.991
880  170.525  174.434  135.111 -105.382  -44.382  -72.871
881 -166.351  164.245  153.677 -101.317    1.374  -66.340
882  171.546 -178.195  145.842  -86.097  -20.741  -76.085
883 -175.363  175.027  135.054 -101.895  -31.208  -86.341
884  151.077 -174.724  134.065  -83.504   -6.775  -88.507
885 -174.234  174.487  145.384  -78.094   -6.159  -83.887
886 -148.041  173.750  149.717  -91.804  -10.418  -92.153
887 -145.601  156.650  148.862  -56.099  -26.924 -100.154
888  167.787 -172.679  135.741  -62.740   -0.780  -82.469
889 -160.851 -172.243  131.753  -98.207  -28.904   -3.447
890 -165.959 -167.437  134.194  -68.579   15.424 -104.715
891  157.692  179.026  142.166  -81.326  -10.907  -97.223
892  156.296  178.710  141.895  -86.200   -8.591  -67.938
893  167.818  177.929  140.889  -80.787   32.434 -100.404
894  172.513 -172.729  132.129  -75.872  -18.013  -76.453
895  155.816 -158.985  137.671  -72.782   15.422  -68.318
896  169.011 -175.631  139.907  -74.701  -84.586  -76.933
897 -170.409  170.998  131.982  -85.479  -16.471  -88.507
898  163.886  174.566  153.707  -78.931   -2.683 -104.626
899 -173.289  177.455  144.822  -81.423    7.033 -112.295
900 -166.841  147.198  155.198  -85.299  -17.489  -33.696
901  167.983  174.771  147.990  -97.156   17.627 -125.626
902 -139.010  151.095  157.794  -75.216   -3.731  -33.430
903  168.352 -171.874  131.529  -87.478  -20.813  -85.835
904  177.807  150.984  156.910 -105.066    9.155  -76.267
905  160.267  177.715  149.431  -82.675   12.938 -147.679
906 -158.233  175.027  140.814 -101.768   14.538  -59.251
907  159.605 -178.538  143.496  -78.852   -6.205  -89.869
908 -165.423  175.291  161.726  -97.222   12.452 -100.089
909  161.255 -175.320  132.794  -78.316   20.259  -88.063
910  164.016 -167.149  132.312  -79.386    5.274  -65.762
911  142.211  179.046  134.835  -82.320 -111.279  -54.005
912  149.213  176.597  144.646  -64.655  -13.149  -95.848
913 -178.104 -178.415  125.013  -75.605   -0.541  -55.429
914  155.319 -163.761  139.822  -70.831   -8.581  -95.249
915 -166.093  177.214  137.959  -63.345  -20.869  -62.599
916 -162.726 -172.463  130.419  -63.762   13.379   93.896
917 -170.240 -165.342  134.976  -78.829   -8.935  -21.026
918  176.647 -171.298  134.273  -74.543  -13.504  -73.404
919 -167.566 -177.359  123.376  -72.888   35.227  -98.888
920 -179.372 -173.428  131.401  -71.746   19.611   55.693
921 -165.627 -171.541   98.105  -66.632   11.332  -66.208
922 -169.203  177.230  124.025  -89.944  -24.934  -67.634
923  165.977 -166.272  121.540  -68.273  -60.936  -82.703
924 -173.126 -160.545  123.017  -64.240  -14.176  -98.690
925  149.999 -147.873  114.637  -64.410   19.375  160.176
926  143.843 -167.786  120.639  -85.665    6.692  -41.487
927 -179.337 -152.796  127.202  -71.764    5.270   64.930
928 -173.229 -170.115  108.302  -95.794   -0.079    1.459
929 -158.753 -178.929  111.449  -70.677  -71.518  121.504
930 -127.863  170.662   98.383  -72.823   25.308  135.571
931  174.587 -168.503  102.140  -84.940   -2.315  118.576
932  178.173  162.053   99.189  -93.071  -40.077   50.398
933 -177.397  160.312  104.772  -89.824   48.368  140.360
934  123.143 -149.216  111.834  -79.368   -7.241   71.883
935  168.265  161.656   78.665  -80.951  -47.142  146.856
936 -171.910  164.937   85.973  -77.460    5.325   34.968
937  125.018  172.240  102.198  -79.031  -13.691   84.552
938  166.463  166.018  103.077  -67.146  134.834   78.794
939  171.623  173.735   81.932  -88.375   -7.755   79.638
940  168.535 -168.534   82.242  -86.723  -37.441  134.640
941  175.081 -145.354   75.949 -107.990   -9.588  113.999
942 -146.312 -165.510   60.869  -64.029  -11.464   -3.854
943 -171.403 -163.068   73.349  -76.281   -4.882  -25.112
944 -135.388  173.509   95.956  -81.756   -7.053  136.125
945  154.664  168.733   91.622  -92.317  -14.685   99.358
946  157.139  153.362   88.748  -65.669   15.165   32.330
947  178.570 -157.019   71.554  -86.800    4.416   29.830
948  134.241 -169.770   65.098  -88.269   -2.979    9.370
949 -175.550  172.554  104.456  -91.648    3.918  102.838
950 -171.698 -174.377   90.880 -102.276  -45.713   80.375
951  164.972  175.235   77.071  -88.252  -21.461   32.487
952 -169.335  153.647   97.041  -94.543   15.022  105.695
953  169.177  161.282  108.373  -83.983   -6.461  153.372
954 -161.879  152.334   97.784 -101.434   12.618   54.791
955  157.449  173.414   88.566  -92.407  -56.951  103.105
956  169.991  159.980   97.457  -71.591  -31.883   76.918
957  174.641  146.554  108.081  -84.583   42.608  127.940
958 -175.661  160.814   92.148  -75.920    7.944   60.301
959 -174.991  169.917   94.052  -86.960   45.173   55.002
960  171.061  158.073  106.393  -80.589    0.579   33.969
961 -175.115  153.710  103.044  -73.037    6.236   78.219
962 -174.024  151.584  101.121  -89.897  -21.042  117.188
963  172.598  162.839  105.033  -87.457   19.819   75.928
964 -161.238  163.684  101.236  -82.377   -6.982   42.688
965  149.970  173.215   96.814  -81.953    5.307   76.423
966  179.487  151.450  104.189  -99.369   -7.687   63.026
967  134.744  155.062  114.390  -86.123   -5.692  104.436
968 -161.855  144.704  113.352  -86.332    9.469  123.944
969  175.753  158.737   90.955  -93.047 -118.971   64.371
970  164.911  157.553  119.358  -75.984 -114.479   59.377
971 -178.736  156.865  103.163  -80.670  122.732   68.346
972  169.736  149.778  123.330  -83.106  177.729   62.186
973  152.803 -176.564   96.013  -89.319  -59.896   54.099
974  155.581  156.202  105.092  -81.439  -82.043   97.908
975  158.673  154.909   93.658  -74.739  -12.658  124.894
976  158.123  168.493  103.762  -89.279    9.190  126.042
977  173.204  151.589  101.462  -90.344   21.073  135.663
978  173.838  162.839   92.390  -85.374  -30.461   46.451
979  172.800  173.194   94.692  -73.601  -17.067  112.665
980  170.017  164.837  104.078  -66.785  -44.775  119.303
981  171.213  147.225  120.046  -73.985   -1.377  147.556
982 -171.008  164.146  111.571  -87.099   -0.449  109.632
983  174.345  157.919   97.613  -69.518  -13.831  127.506
984  160.740  151.817  103.886  -65.624  -24.970   96.792
985  159.457  176.951   97.500  -78.966  -40.344  130.096
986 -159.551  174.948   89.351  -73.308  -17.219   16.083
987  140.035  169.523   93.129  -68.268  156.963   20.153
988 -170.696  163.544  111.397  -89.368 -151.172   38.646
989  164.325  164.750  102.765  -73.838  165.233   78.321
990  162.117  160.855   99.745  -64.020    4.787   67.280
991 -179.701  151.973  100.972  -82.183 -161.337   76.381
992  173.908  154.575  104.099  -67.973  130.177  118.255
993  175.749  148.746  113.230  -80.147  -19.137   66.767
994  163.019  145.016   90.680  -69.351   15.517   50.238
995 -168.819  172.086  101.623  -79.957  -10.358  115.863
996 -177.841  165.489   90.325  -92.649   26.947    7.474
997  164.526  158.947  102.637  -63.020   91.191  147.264
998  143.898  164.777   99.361  -95.212  -48.140  103.971
999  174.029  148.639  101.302  -76.595   16.715  129.440
1000  137.547  166.710   98.038  -80.422 -110.996   32.106
